0	0.02	0.04	0.06	0.08	0.1	0.12	0.14	0.16	0.18	0.2	0.22	0.24	0.26	0.28	0.3	0.32	0.34	0.36	0.38	0.4	0.42	0.44	0.46	0.48	0.5	0.52	0.54	0.56	0.58	0.6	0.62	0.64	0.66	0.68	0.7	0.72	0.74	0.76	0.78	0.8	0.82	0.84	0.86	0.88	0.9	0.92	0.94	0.96	0.98	1
0.0620836636	0.06745612653	0.07508932242	0.08281923894	0.09088204607	0.09863767965	0.1069671627	0.1150999904	0.124109994	0.1333662334	0.1432648587	0.1526109237	0.1614370539	0.1691475754	0.1767663339	0.1845517505	0.1931617352	0.2015897277	0.2089955205	0.214212403	0.2177022396	0.2203630274	0.2236061428	0.2273721829	0.2307647334	0.2320656717	0.2307647334	0.2273721829	0.2236061428	0.2203630274	0.2177022396	0.214212403	0.2089955205	0.2015897277	0.1931617352	0.1845517505	0.1767663339	0.1691475754	0.1614370539	0.1526109237	0.1432648587	0.1333662334	0.124109994	0.1150999904	0.1069671627	0.09863767965	0.09088204607	0.08281923894	0.07508932242	0.06745612653	0.0620836636
-0.09598616987	-0.1023505726	-0.108673785	-0.115007233	-0.1208832529	-0.1256232731	-0.1293431692	-0.1314099538	-0.1330881258	-0.1342828833	-0.1355820283	-0.1357246572	-0.1343538502	-0.1301430045	-0.1239758891	-0.1162072789	-0.1085771407	-0.1009173045	-0.09307211255	-0.08338051728	-0.0713749674	-0.05692692397	-0.04153682246	-0.02646760717	-0.01273145638	4.125579248e-17	0.01273145638	0.02646760717	0.04153682246	0.05692692397	0.0713749674	0.08338051728	0.09307211255	0.1009173045	0.1085771407	0.1162072789	0.1239758891	0.1301430045	0.1343538502	0.1357246572	0.1355820283	0.1342828833	0.1330881258	0.1314099538	0.1293431692	0.1256232731	0.1208832529	0.115007233	0.108673785	0.1023505726	0.09598616987
0.06709309164	0.06491750998	0.06096681329	0.05766203405	0.05266323565	0.04698017409	0.03937400236	0.02989892872	0.01829544316	0.006130978143	-0.006136491937	-0.01784554946	-0.02947886934	-0.04205245376	-0.05589992779	-0.07125941161	-0.08660452334	-0.1009006657	-0.1125114886	-0.1218249448	-0.129122726	-0.1362872184	-0.1433645858	-0.1505518283	-0.1556997372	-0.1578629908	-0.1556997372	-0.1505518283	-0.1433645858	-0.1362872184	-0.129122726	-0.1218249448	-0.1125114886	-0.1009006657	-0.08660452334	-0.07125941161	-0.05589992779	-0.04205245376	-0.02947886934	-0.01784554946	-0.006136491937	0.006130978143	0.01829544316	0.02989892872	0.03937400236	0.04698017409	0.05266323565	0.05766203405	0.06096681329	0.06491750998	0.06709309164
0	0	0	0	0	0	0	0	0	0	0	0	0	0	0	0	0	0	0	0	0	0	0	0	0	0	0	0	0	0	0	0	0	0	0	0	0	0	0	0	0	0	0	0	0	0	0	0	0	0	0
0	0	0	0	0	0	0	0	0	0	0	0	0	0	0	0	0	0	0	0	0	0	0	0	0	0	0	0	0	0	0	0	0	0	0	0	0	0	0	0	0	0	0	0	0	0	0	0	0	0	0
0.01153274953	0.02133950325	0.03324781456	0.04320664554	0.05341974527	0.06271428414	0.07225223787	0.08093389891	0.09097676313	0.1001643365	0.1092845706	0.1155483218	0.1192667447	0.119499987	0.1178665378	0.1148797031	0.111862373	0.1079195406	0.1022894199	0.09323068179	0.08038526409	0.06432887457	0.04689324482	0.029880307	0.01435089154	9.018018195e-17	-0.01435089154	-0.029880307	-0.04689324482	-0.06432887457	-0.08038526409	-0.09323068179	-0.1022894199	-0.1079195406	-0.111862373	-0.1148797031	-0.1178665378	-0.119499987	-0.1192667447	-0.1155483218	-0.1092845706	-0.1001643365	-0.09097676313	-0.08093389891	-0.07225223787	-0.06271428414	-0.05341974527	-0.04320664554	-0.03324781456	-0.02133950325	-0.01153274953
0	0	0	0	0	0	0	0	0	0	0	0	0	0	0	0	0	0	0	0	0	0	0	0	0	0	0	0	0	0	0	0	0	0	0	0	0	0	0	0	0	0	0	0	0	0	0	0	0	0	0
0	0	0	0	0	0	0	0	0	0	0	0	0	0	0	0	0	0	0	0	0	0	0	0	0	0	0	0	0	0	0	0	0	0	0	0	0	0	0	0	0	0	0	0	0	0	0	0	0	0	0
-0.06482086744	-0.06884349058	-0.07363195899	-0.07820743282	-0.07975295958	-0.07924478356	-0.07630673025	-0.07044786864	-0.06350311642	-0.05504869563	-0.04676713333	-0.03719968752	-0.02634448942	-0.01242082923	0.003778513279	0.0222958612	0.04030753164	0.05703401757	0.07067771955	0.08217240102	0.09218957747	0.102281524	0.1124914941	0.1220888184	0.1290065737	0.1316143831	0.1290065737	0.1220888184	0.1124914941	0.102281524	0.09218957747	0.08217240102	0.07067771955	0.05703401757	0.04030753164	0.0222958612	0.003778513279	-0.01242082923	-0.02634448942	-0.03719968752	-0.04676713333	-0.05504869563	-0.06350311642	-0.07044786864	-0.07630673025	-0.07924478356	-0.07975295958	-0.07820743282	-0.07363195899	-0.06884349058	-0.06482086744
0	0	0	0	0	0	0	0	0	0	0	0	0	0	0	0	0	0	0	0	0	0	0	0	0	0	0	0	0	0	0	0	0	0	0	0	0	0	0	0	0	0	0	0	0	0	0	0	0	0	0
0	0	0	0	0	0	0	0	0	0	0	0	0	0	0	0	0	0	0	0	0	0	0	0	0	0	0	0	0	0	0	0	0	0	0	0	0	0	0	0	0	0	0	0	0	0	0	0	0	0	0
0.03661442833	0.02919193289	0.01896328807	0.01184269096	0.002557161326	-0.00701287601	-0.01879082656	-0.0317310718	-0.04631126299	-0.06059847709	-0.07389449868	-0.08423550704	-0.09168950834	-0.09662148556	-0.09981663884	-0.1027898715	-0.1047152278	-0.1054013987	-0.1023928545	-0.09498676068	-0.08234124168	-0.06619245369	-0.04813345376	-0.03074592375	-0.01470403731	2.09894936e-18	0.01470403731	0.03074592375	0.04813345376	0.06619245369	0.08234124168	0.09498676068	0.1023928545	0.1054013987	0.1047152278	0.1027898715	0.09981663884	0.09662148556	0.09168950834	0.08423550704	0.07389449868	0.06059847709	0.04631126299	0.0317310718	0.01879082656	0.00701287601	-0.002557161326	-0.01184269096	-0.01896328807	-0.02919193289	-0.03661442833
0	0	0	0	0	0	0	0	0	0	0	0	0	0	0	0	0	0	0	0	0	0	0	0	0	0	0	0	0	0	0	0	0	0	0	0	0	0	0	0	0	0	0	0	0	0	0	0	0	0	0
0	0	0	0	0	0	0	0	0	0	0	0	0	0	0	0	0	0	0	0	0	0	0	0	0	0	0	0	0	0	0	0	0	0	0	0	0	0	0	0	0	0	0	0	0	0	0	0	0	0	0
0.03300079381	0.04092219403	0.05227472204	0.06168027518	0.06865505061	0.07260893805	0.07491665654	0.07467339573	0.07445327751	0.07217441532	0.06981979013	0.06397888164	0.05541246513	0.04211788738	0.02555270542	0.006723738921	-0.01184021714	-0.02875212179	-0.04314389427	-0.0556869807	-0.06779103876	-0.08004542685	-0.09297933193	-0.1044125967	-0.1129645219	-0.1158051675	-0.1129645219	-0.1044125967	-0.09297933193	-0.08004542685	-0.06779103876	-0.0556869807	-0.04314389427	-0.02875212179	-0.01184021714	0.006723738921	0.02555270542	0.04211788738	0.05541246513	0.06397888164	0.06981979013	0.07217441532	0.07445327751	0.07467339573	0.07491665654	0.07260893805	0.06865505061	0.06168027518	0.05227472204	0.04092219403	0.03300079381
0	0	0	0	0	0	0	0	0	0	0	0	0	0	0	0	0	0	0	0	0	0	0	0	0	0	0	0	0	0	0	0	0	0	0	0	0	0	0	0	0	0	0	0	0	0	0	0	0	0	0
0	0	0	0	0	0	0	0	0	0	0	0	0	0	0	0	0	0	0	0	0	0	0	0	0	0	0	0	0	0	0	0	0	0	0	0	0	0	0	0	0	0	0	0	0	0	0	0	0	0	0
-0.0515223815	-0.04936919621	-0.04492639114	-0.0430397214	-0.03760581522	-0.03022595736	-0.01901020719	-0.004934523532	0.0104986711	0.02661606571	0.0406642624	0.05302596691	0.06268776	0.07149936376	0.07931315483	0.08770032771	0.09442305006	0.0993300747	0.09891138585	0.0932278338	0.08128481616	0.06548949144	0.04762956842	0.03038064867	0.01453203348	6.729253557e-17	-0.01453203348	-0.03038064867	-0.04762956842	-0.06548949144	-0.08128481616	-0.0932278338	-0.09891138585	-0.0993300747	-0.09442305006	-0.08770032771	-0.07931315483	-0.07149936376	-0.06268776	-0.05302596691	-0.0406642624	-0.02661606571	-0.0104986711	0.004934523532	0.01901020719	0.03022595736	0.03760581522	0.0430397214	0.04492639114	0.04936919621	0.0515223815
0	0	0	0	0	0	0	0	0	0	0	0	0	0	0	0	0	0	0	0	0	0	0	0	0	0	0	0	0	0	0	0	0	0	0	0	0	0	0	0	0	0	0	0	0	0	0	0	0	0	0
0	0	0	0	0	0	0	0	0	0	0	0	0	0	0	0	0	0	0	0	0	0	0	0	0	0	0	0	0	0	0	0	0	0	0	0	0	0	0	0	0	0	0	0	0	0	0	0	0	0	0
-0.001389708869	-0.009717941297	-0.02328326883	-0.03378796996	-0.04368408865	-0.05050373362	-0.0573594073	-0.06289136116	-0.06903185168	-0.0734398119	-0.07655930797	-0.07498488827	-0.06910287208	-0.05762153129	-0.04212683939	-0.0247363086	-0.007065151349	0.008619713786	0.02288879063	0.03581727846	0.04934118155	0.06352469871	0.07851918013	0.09173322087	0.101487738	0.1047007023	0.101487738	0.09173322087	0.07851918013	0.06352469871	0.04934118155	0.03581727846	0.02288879063	0.008619713786	-0.007065151349	-0.0247363086	-0.04212683939	-0.05762153129	-0.06910287208	-0.07498488827	-0.07655930797	-0.0734398119	-0.06903185168	-0.06289136116	-0.0573594073	-0.05050373362	-0.04368408865	-0.03378796996	-0.02328326883	-0.009717941297	-0.001389708869
0	0	0	0	0	0	0	0	0	0	0	0	0	0	0	0	0	0	0	0	0	0	0	0	0	0	0	0	0	0	0	0	0	0	0	0	0	0	0	0	0	0	0	0	0	0	0	0	0	0	0
0	0	0	0	0	0	0	0	0	0	0	0	0	0	0	0	0	0	0	0	0	0	0	0	0	0	0	0	0	0	0	0	0	0	0	0	0	0	0	0	0	0	0	0	0	0	0	0	0	0	0
0.04597809076	0.0493060031	0.05155884624	0.05457335004	0.05393341653	0.04960243013	0.04093786844	0.02843287677	0.01489259587	-6.220717076e-05	-0.01263840795	-0.02521978308	-0.035960573	-0.04765438216	-0.05956315244	-0.07226342699	-0.08345751146	-0.09159957607	-0.0937698963	-0.08948196033	-0.07861104099	-0.06333152412	-0.04618236924	-0.02932023223	-0.01408352259	-1.037117364e-16	0.01408352259	0.02932023223	0.04618236924	0.06333152412	0.07861104099	0.08948196033	0.0937698963	0.09159957607	0.08345751146	0.07226342699	0.05956315244	0.04765438216	0.035960573	0.02521978308	0.01263840795	6.220717076e-05	-0.01489259587	-0.02843287677	-0.04093786844	-0.04960243013	-0.05393341653	-0.05457335004	-0.05155884624	-0.0493060031	-0.04597809076
0	0	0	0	0	0	0	0	0	0	0	0	0	0	0	0	0	0	0	0	0	0	0	0	0	0	0	0	0	0	0	0	0	0	0	0	0	0	0	0	0	0	0	0	0	0	0	0	0	0	0
0	0	0	0	0	0	0	0	0	0	0	0	0	0	0	0	0	0	0	0	0	0	0	0	0	0	0	0	0	0	0	0	0	0	0	0	0	0	0	0	0	0	0	0	0	0	0	0	0	0	0
-0.02027839107	-0.01449387514	-0.002783416384	0.006061094373	0.01633135788	0.02458136772	0.03471975139	0.0450893246	0.05620743453	0.06644150525	0.07366063607	0.07618815078	0.07279565916	0.06390202939	0.05052066863	0.03560865583	0.02001248204	0.006239370118	-0.007211591077	-0.02016755498	-0.03463738168	-0.05051937038	-0.06705697532	-0.08199706591	-0.09250597607	-0.09630815794	-0.09250597607	-0.08199706591	-0.06705697532	-0.05051937038	-0.03463738168	-0.02016755498	-0.007211591077	0.006239370118	0.02001248204	0.03560865583	0.05052066863	0.06390202939	0.07279565916	0.07618815078	0.07366063607	0.06644150525	0.05620743453	0.0450893246	0.03471975139	0.02458136772	0.01633135788	0.006061094373	-0.002783416384	-0.01449387514	-0.02027839107
0	0	0	0	0	0	0	0	0	0	0	0	0	0	0	0	0	0	0	0	0	0	0	0	0	0	0	0	0	0	0	0	0	0	0	0	0	0	0	0	0	0	0	0	0	0	0	0	0	0	0
0	0	0	0	0	0	0	0	0	0	0	0	0	0	0	0	0	0	0	0	0	0	0	0	0	0	0	0	0	0	0	0	0	0	0	0	0	0	0	0	0	0	0	0	0	0	0	0	0	0	0
-0.03104431758	-0.03840781721	-0.04604260843	-0.0523612836	-0.05605746899	-0.05473724556	-0.04981281374	-0.04079192322	-0.0309586455	-0.01945927354	-0.00954481005	0.001813444879	0.01294640689	0.02660933895	0.04183116989	0.05782625013	0.072756188	0.0832200776	0.08775034633	0.08451982048	0.07491345549	0.0603219312	0.04410514266	0.02792777508	0.01344138847	2.78919442e-17	-0.01344138847	-0.02792777508	-0.04410514266	-0.0603219312	-0.07491345549	-0.08451982048	-0.08775034633	-0.0832200776	-0.072756188	-0.05782625013	-0.04183116989	-0.02660933895	-0.01294640689	-0.001813444879	0.00954481005	0.01945927354	0.0309586455	0.04079192322	0.04981281374	0.05473724556	0.05605746899	0.0523612836	0.04604260843	0.03840781721	0.03104431758
0	0	0	0	0	0	0	0	0	0	0	0	0	0	0	0	0	0	0	0	0	0	0	0	0	0	0	0	0	0	0	0	0	0	0	0	0	0	0	0	0	0	0	0	0	0	0	0	0	0	0
0	0	0	0	0	0	0	0	0	0	0	0	0	0	0	0	0	0	0	0	0	0	0	0	0	0	0	0	0	0	0	0	0	0	0	0	0	0	0	0	0	0	0	0	0	0	0	0	0	0	0
0.03068975697	0.02920421633	0.02206744128	0.01638240768	0.007691400235	-0.0009377355468	-0.01292389827	-0.02662458429	-0.04104583802	-0.05536925648	-0.06523605687	-0.07107240666	-0.06985772281	-0.06390922322	-0.05338876116	-0.04155864086	-0.02895969889	-0.01737560662	-0.005301196574	0.007504932553	0.0226256597	0.03990103279	0.05773885041	0.07415021964	0.08522937023	0.08960997861	0.08522937023	0.07415021964	0.05773885041	0.03990103279	0.0226256597	0.007504932553	-0.005301196574	-0.01737560662	-0.02895969889	-0.04155864086	-0.05338876116	-0.06390922322	-0.06985772281	-0.07107240666	-0.06523605687	-0.05536925648	-0.04104583802	-0.02662458429	-0.01292389827	-0.0009377355468	0.007691400235	0.01638240768	0.02206744128	0.02920421633	0.03068975697
0	0	0	0	0	0	0	0	0	0	0	0	0	0	0	0	0	0	0	0	0	0	0	0	0	0	0	0	0	0	0	0	0	0	0	0	0	0	0	0	0	0	0	0	0	0	0	0	0	0	0
0	0	0	0	0	0	0	0	0	0	0	0	0	0	0	0	0	0	0	0	0	0	0	0	0	0	0	0	0	0	0	0	0	0	0	0	0	0	0	0	0	0	0	0	0	0	0	0	0	0	0
0.01422199422	0.02347042657	0.03405402856	0.04180286442	0.04855199563	0.04985525179	0.04910411508	0.0446738506	0.03955600492	0.0329225502	0.02619226472	0.01705136264	0.005913550867	-0.008931009036	-0.02660376685	-0.04507990857	-0.06270886778	-0.0748943639	-0.08120194643	-0.07889514806	-0.07045944282	-0.05677584799	-0.04153525732	-0.02632551406	-0.01264099522	-5.691350245e-17	0.01264099522	0.02632551406	0.04153525732	0.05677584799	0.07045944282	0.07889514806	0.08120194643	0.0748943639	0.06270886778	0.04507990857	0.02660376685	0.008931009036	-0.005913550867	-0.01705136264	-0.02619226472	-0.0329225502	-0.03955600492	-0.0446738506	-0.04910411508	-0.04985525179	-0.04855199563	-0.04180286442	-0.03405402856	-0.02347042657	-0.01422199422
0	0	0	0	0	0	0	0	0	0	0	0	0	0	0	0	0	0	0	0	0	0	0	0	0	0	0	0	0	0	0	0	0	0	0	0	0	0	0	0	0	0	0	0	0	0	0	0	0	0	0
0	0	0	0	0	0	0	0	0	0	0	0	0	0	0	0	0	0	0	0	0	0	0	0	0	0	0	0	0	0	0	0	0	0	0	0	0	0	0	0	0	0	0	0	0	0	0	0	0	0	0
-0.03198203036	-0.03528014583	-0.03386492964	-0.03175956969	-0.02581253426	-0.01750313245	-0.00506102209	0.01030664818	0.02636054498	0.04269375486	0.05397636777	0.0619210037	0.06265543295	0.05962169107	0.0524545072	0.04405570735	0.03503771007	0.02580142372	0.01549014302	0.00293739004	-0.01261760086	-0.03101498112	-0.05007526088	-0.06760514711	-0.07934026137	-0.08404409823	-0.07934026137	-0.06760514711	-0.05007526088	-0.03101498112	-0.01261760086	0.00293739004	0.01549014302	0.02580142372	0.03503771007	0.04405570735	0.0524545072	0.05962169107	0.06265543295	0.0619210037	0.05397636777	0.04269375486	0.02636054498	0.01030664818	-0.00506102209	-0.01750313245	-0.02581253426	-0.03175956969	-0.03386492964	-0.03528014583	-0.03198203036
0	0	0	0	0	0	0	0	0	0	0	0	0	0	0	0	0	0	0	0	0	0	0	0	0	0	0	0	0	0	0	0	0	0	0	0	0	0	0	0	0	0	0	0	0	0	0	0	0	0	0
0	0	0	0	0	0	0	0	0	0	0	0	0	0	0	0	0	0	0	0	0	0	0	0	0	0	0	0	0	0	0	0	0	0	0	0	0	0	0	0	0	0	0	0	0	0	0	0	0	0	0
0.0002260114025	-0.008725007018	-0.01963435252	-0.02717586639	-0.0354022306	-0.03885808834	-0.04211031708	-0.04266132821	-0.04260959852	-0.04137713386	-0.03796654281	-0.03155679247	-0.02065781044	-0.005302767867	0.01401004921	0.03426621292	0.05350613367	0.06703139744	0.07434925172	0.07298123716	0.06543956651	0.05285327182	0.03858729867	0.02451903112	0.01171907514	2.390423206e-17	-0.01171907514	-0.02451903112	-0.03858729867	-0.05285327182	-0.06543956651	-0.07298123716	-0.07434925172	-0.06703139744	-0.05350613367	-0.03426621292	-0.01401004921	0.005302767867	0.02065781044	0.03155679247	0.03796654281	0.04137713386	0.04260959852	0.04266132821	0.04211031708	0.03885808834	0.0354022306	0.02717586639	0.01963435252	0.008725007018	-0.0002260114025
0	0	0	0	0	0	0	0	0	0	0	0	0	0	0	0	0	0	0	0	0	0	0	0	0	0	0	0	0	0	0	0	0	0	0	0	0	0	0	0	0	0	0	0	0	0	0	0	0	0	0
0	0	0	0	0	0	0	0	0	0	0	0	0	0	0	0	0	0	0	0	0	0	0	0	0	0	0	0	0	0	0	0	0	0	0	0	0	0	0	0	0	0	0	0	0	0	0	0	0	0	0
0.02729970558	0.03481461356	0.03892274763	0.04005587673	0.03727840507	0.02974209262	0.01806759277	0.002596890019	-0.01354234683	-0.02990754369	-0.04160617598	-0.05039129189	-0.05291119223	-0.05253038234	-0.04895512764	-0.04417357364	-0.03895556318	-0.03221287247	-0.02383679299	-0.01163914061	0.004173295613	0.02348698711	0.04370067591	0.06203565676	0.07457131864	0.07929692608	0.07457131864	0.06203565676	0.04370067591	0.02348698711	0.004173295613	-0.01163914061	-0.02383679299	-0.03221287247	-0.03895556318	-0.04417357364	-0.04895512764	-0.05253038234	-0.05291119223	-0.05039129189	-0.04160617598	-0.02990754369	-0.01354234683	0.002596890019	0.01806759277	0.02974209262	0.03727840507	0.04005587673	0.03892274763	0.03481461356	0.02729970558
0	0	0	0	0	0	0	0	0	0	0	0	0	0	0	0	0	0	0	0	0	0	0	0	0	0	0	0	0	0	0	0	0	0	0	0	0	0	0	0	0	0	0	0	0	0	0	0	0	0	0
0	0	0	0	0	0	0	0	0	0	0	0	0	0	0	0	0	0	0	0	0	0	0	0	0	0	0	0	0	0	0	0	0	0	0	0	0	0	0	0	0	0	0	0	0	0	0	0	0	0	0
-0.0104540357	-0.003585499424	0.005451123797	0.011598857	0.01983208757	0.02497398159	0.03164595711	0.03697966854	0.04181746759	0.0457774357	0.04559884259	0.04198646533	0.03156427854	0.01624901994	-0.003955552242	-0.02530702492	-0.04521548714	-0.05973147641	-0.06739012778	-0.06697602602	-0.06008433598	-0.04869742521	-0.03543649334	-0.02255864732	-0.01074090173	4.242835606e-17	0.01074090173	0.02255864732	0.03543649334	0.04869742521	0.06008433598	0.06697602602	0.06739012778	0.05973147641	0.04521548714	0.02530702492	0.003955552242	-0.01624901994	-0.03156427854	-0.04198646533	-0.04559884259	-0.0457774357	-0.04181746759	-0.03697966854	-0.03164595711	-0.02497398159	-0.01983208757	-0.011598857	-0.005451123797	0.003585499424	0.0104540357
0	0	0	0	0	0	0	0	0	0	0	0	0	0	0	0	0	0	0	0	0	0	0	0	0	0	0	0	0	0	0	0	0	0	0	0	0	0	0	0	0	0	0	0	0	0	0	0	0	0	0
0	0	0	0	0	0	0	0	0	0	0	0	0	0	0	0	0	0	0	0	0	0	0	0	0	0	0	0	0	0	0	0	0	0	0	0	0	0	0	0	0	0	0	0	0	0	0	0	0	0	0
-0.01961641008	-0.0300774268	-0.03856518111	-0.04216974096	-0.04239372266	-0.0359565836	-0.02600934536	-0.01177269264	0.003108582996	0.01790824473	0.02919621142	0.03776995805	0.04189673203	0.04383388255	0.04384587869	0.04272028095	0.04120052548	0.03706582387	0.03057697774	0.01887411062	0.002932559013	-0.01710569819	-0.03831806931	-0.05723987059	-0.07057774886	-0.0751639883	-0.07057774886	-0.05723987059	-0.03831806931	-0.01710569819	0.002932559013	0.01887411062	0.03057697774	0.03706582387	0.04120052548	0.04272028095	0.04384587869	0.04383388255	0.04189673203	0.03776995805	0.02919621142	0.01790824473	0.003108582996	-0.01177269264	-0.02600934536	-0.0359565836	-0.04239372266	-0.04216974096	-0.03856518111	-0.0300774268	-0.01961641008
0	0	0	0	0	0	0	0	0	0	0	0	0	0	0	0	0	0	0	0	0	0	0	0	0	0	0	0	0	0	0	0	0	0	0	0	0	0	0	0	0	0	0	0	0	0	0	0	0	0	0
0	0	0	0	0	0	0	0	0	0	0	0	0	0	0	0	0	0	0	0	0	0	0	0	0	0	0	0	0	0	0	0	0	0	0	0	0	0	0	0	0	0	0	0	0	0	0	0	0	0	0
0.01620483488	0.01258190702	0.006896167723	0.002827065846	-0.004268953917	-0.01066022604	-0.01992618236	-0.02941094462	-0.03856136835	-0.0469617849	-0.04979279117	-0.04867984062	-0.03903918472	-0.02417497318	-0.00379087721	0.01796400695	0.03782878127	0.05290791586	0.06050920212	0.06096417414	0.05464430445	0.04446560159	0.03227992011	0.02055785341	0.009779937051	1.581570839e-17	-0.009779937051	-0.02055785341	-0.03227992011	-0.04446560159	-0.05464430445	-0.06096417414	-0.06050920212	-0.05290791586	-0.03782878127	-0.01796400695	0.00379087721	0.02417497318	0.03903918472	0.04867984062	0.04979279117	0.0469617849	0.03856136835	0.02941094462	0.01992618236	0.01066022604	0.004268953917	-0.002827065846	-0.006896167723	-0.01258190702	-0.01620483488
0	0	0	0	0	0	0	0	0	0	0	0	0	0	0	0	0	0	0	0	0	0	0	0	0	0	0	0	0	0	0	0	0	0	0	0	0	0	0	0	0	0	0	0	0	0	0	0	0	0	0
0	0	0	0	0	0	0	0	0	0	0	0	0	0	0	0	0	0	0	0	0	0	0	0	0	0	0	0	0	0	0	0	0	0	0	0	0	0	0	0	0	0	0	0	0	0	0	0	0	0	0
0.01125134253	0.02304344859	0.03423959846	0.03939402367	0.04203397	0.03696865847	0.02939485245	0.01745727698	0.004919002946	-0.007193427519	-0.01737205549	-0.02502218505	-0.03051593771	-0.03445846445	-0.03786365865	-0.04029726837	-0.04216133282	-0.04068149651	-0.03586627711	-0.02483298721	-0.008826163094	0.01172577436	0.03370465802	0.05309162586	0.06704205074	0.07152550128	0.06704205074	0.05309162586	0.03370465802	0.01172577436	-0.008826163094	-0.02483298721	-0.03586627711	-0.04068149651	-0.04216133282	-0.04029726837	-0.03786365865	-0.03445846445	-0.03051593771	-0.02502218505	-0.01737205549	-0.007193427519	0.004919002946	0.01745727698	0.02939485245	0.03696865847	0.04203397	0.03939402367	0.03423959846	0.02304344859	0.01125134253
0	0	0	0	0	0	0	0	0	0	0	0	0	0	0	0	0	0	0	0	0	0	0	0	0	0	0	0	0	0	0	0	0	0	0	0	0	0	0	0	0	0	0	0	0	0	0	0	0	0	0
0	0	0	0	0	0	0	0	0	0	0	0	0	0	0	0	0	0	0	0	0	0	0	0	0	0	0	0	0	0	0	0	0	0	0	0	0	0	0	0	0	0	0	0	0	0	0	0	0	0	0
-0.0181420206	-0.01824248605	-0.01659921283	-0.01482458272	-0.009589814012	-0.002343412102	0.008601877518	0.02133055151	0.03393933289	0.04569192777	0.0511919596	0.05202667818	0.04350199677	0.02935816495	0.009463256074	-0.0120171462	-0.03133116906	-0.04644614268	-0.05384083122	-0.05495309931	-0.0492717915	-0.04024144608	-0.0292117255	-0.01859310998	-0.00886513355	2.931314718e-17	0.00886513355	0.01859310998	0.0292117255	0.04024144608	0.0492717915	0.05495309931	0.05384083122	0.04644614268	0.03133116906	0.0120171462	-0.009463256074	-0.02935816495	-0.04350199677	-0.05202667818	-0.0511919596	-0.04569192777	-0.03393933289	-0.02133055151	-0.008601877518	0.002343412102	0.009589814012	0.01482458272	0.01659921283	0.01824248605	0.0181420206
0	0	0	0	0	0	0	0	0	0	0	0	0	0	0	0	0	0	0	0	0	0	0	0	0	0	0	0	0	0	0	0	0	0	0	0	0	0	0	0	0	0	0	0	0	0	0	0	0	0	0
0	0	0	0	0	0	0	0	0	0	0	0	0	0	0	0	0	0	0	0	0	0	0	0	0	0	0	0	0	0	0	0	0	0	0	0	0	0	0	0	0	0	0	0	0	0	0	0	0	0	0
-0.003729082281	-0.0151949138	-0.02727564222	-0.03308450082	-0.03733920543	-0.03389038265	-0.02904494964	-0.02020208793	-0.01081267783	-0.002065075826	0.006429631189	0.01278518087	0.01936268016	0.02507714099	0.03158299171	0.03738826041	0.04224046601	0.04337506997	0.03994171191	0.0297304395	0.01365010639	-0.007224113452	-0.02974103115	-0.04955825017	-0.06383446376	-0.06838865841	-0.06383446376	-0.04955825017	-0.02974103115	-0.007224113452	0.01365010639	0.0297304395	0.03994171191	0.04337506997	0.04224046601	0.03738826041	0.03158299171	0.02507714099	0.01936268016	0.01278518087	0.006429631189	-0.002065075826	-0.01081267783	-0.02020208793	-0.02904494964	-0.03389038265	-0.03733920543	-0.03308450082	-0.02727564222	-0.0151949138	-0.003729082281
0	0	0	0	0	0	0	0	0	0	0	0	0	0	0	0	0	0	0	0	0	0	0	0	0	0	0	0	0	0	0	0	0	0	0	0	0	0	0	0	0	0	0	0	0	0	0	0	0	0	0
0	0	0	0	0	0	0	0	0	0	0	0	0	0	0	0	0	0	0	0	0	0	0	0	0	0	0	0	0	0	0	0	0	0	0	0	0	0	0	0	0	0	0	0	0	0	0	0	0	0	0
0.01732366701	0.02099385662	0.02336342421	0.02371890509	0.02064035218	0.01290213235	0.001166482726	-0.01374482581	-0.02877637662	-0.04263698348	-0.05031563411	-0.05242507537	-0.04528073995	-0.03202768977	-0.01321931302	0.00734162005	0.02570864431	0.04026842476	0.04740873466	0.0488727765	0.04393440239	0.03596349983	0.02615549203	0.01662963936	0.007956435513	-2.204779195e-17	-0.007956435513	-0.01662963936	-0.02615549203	-0.03596349983	-0.04393440239	-0.0488727765	-0.04740873466	-0.04026842476	-0.02570864431	-0.00734162005	0.01321931302	0.03202768977	0.04528073995	0.05242507537	0.05031563411	0.04263698348	0.02877637662	0.01374482581	-0.001166482726	-0.01290213235	-0.02064035218	-0.02371890509	-0.02336342421	-0.02099385662	-0.01732366701
0	0	0	0	0	0	0	0	0	0	0	0	0	0	0	0	0	0	0	0	0	0	0	0	0	0	0	0	0	0	0	0	0	0	0	0	0	0	0	0	0	0	0	0	0	0	0	0	0	0	0
0	0	0	0	0	0	0	0	0	0	0	0	0	0	0	0	0	0	0	0	0	0	0	0	0	0	0	0	0	0	0	0	0	0	0	0	0	0	0	0	0	0	0	0	0	0	0	0	0	0	0
-0.002151349411	0.007523680196	0.01881891747	0.02452376997	0.0295683442	0.02794147912	0.02594339569	0.0207256422	0.01500063104	0.009917218712	0.003527748939	-0.001456231281	-0.008836208537	-0.01619268623	-0.02548086317	-0.03442054577	-0.04187830626	-0.04547848403	-0.04313877063	-0.03379788203	-0.01758159668	0.003506896302	0.02641175121	0.04668500805	0.0610389102	0.06585851688	0.0610389102	0.04668500805	0.02641175121	0.003506896302	-0.01758159668	-0.03379788203	-0.04313877063	-0.04547848403	-0.04187830626	-0.03442054577	-0.02548086317	-0.01619268623	-0.008836208537	-0.001456231281	0.003527748939	0.009917218712	0.01500063104	0.0207256422	0.02594339569	0.02794147912	0.0295683442	0.02452376997	0.01881891747	0.007523680196	-0.002151349411
0	0	0	0	0	0	0	0	0	0	0	0	0	0	0	0	0	0	0	0	0	0	0	0	0	0	0	0	0	0	0	0	0	0	0	0	0	0	0	0	0	0	0	0	0	0	0	0	0	0	0
0	0	0	0	0	0	0	0	0	0	0	0	0	0	0	0	0	0	0	0	0	0	0	0	0	0	0	0	0	0	0	0	0	0	0	0	0	0	0	0	0	0	0	0	0	0	0	0	0	0	0
-0.01482859678	-0.02143264997	-0.02721868356	-0.02929370801	-0.02830122345	-0.02043024175	-0.008699669546	0.007280637831	0.0236068382	0.03834181856	0.04755416418	0.05029126434	0.04465033422	0.0324289369	0.01521055003	-0.003842415715	-0.02089565895	-0.03432781995	-0.04113850078	-0.04263435533	-0.03849531742	-0.03150511988	-0.02296117307	-0.01457429976	-0.006988040089	-2.978305758e-17	0.006988040089	0.01457429976	0.02296117307	0.03150511988	0.03849531742	0.04263435533	0.04113850078	0.03432781995	0.02089565895	0.003842415715	-0.01521055003	-0.0324289369	-0.04465033422	-0.05029126434	-0.04755416418	-0.03834181856	-0.0236068382	-0.007280637831	0.008699669546	0.02043024175	0.02830122345	0.02929370801	0.02721868356	0.02143264997	0.01482859678
0	0	0	0	0	0	0	0	0	0	0	0	0	0	0	0	0	0	0	0	0	0	0	0	0	0	0	0	0	0	0	0	0	0	0	0	0	0	0	0	0	0	0	0	0	0	0	0	0	0	0
0	0	0	0	0	0	0	0	0	0	0	0	0	0	0	0	0	0	0	0	0	0	0	0	0	0	0	0	0	0	0	0	0	0	0	0	0	0	0	0	0	0	0	0	0	0	0	0	0	0	0
0.006109384088	-0.0006553686461	-0.00983969699	-0.0148612479	-0.01996794389	-0.02028251864	-0.02105840616	-0.01971739315	-0.01788556162	-0.01645547435	-0.01243016314	-0.008686091354	-0.0007736188346	0.008160991405	0.01990068506	0.03168541961	0.0414168441	0.04720938128	0.04574799487	0.0371871561	0.02078222036	-0.0005011026524	-0.02372269452	-0.04447426306	-0.05877792747	-0.06396909713	-0.05877792747	-0.04447426306	-0.02372269452	-0.0005011026524	0.02078222036	0.0371871561	0.04574799487	0.04720938128	0.0414168441	0.03168541961	0.01990068506	0.008160991405	-0.0007736188346	-0.008686091354	-0.01243016314	-0.01645547435	-0.01788556162	-0.01971739315	-0.02105840616	-0.02028251864	-0.01996794389	-0.0148612479	-0.00983969699	-0.0006553686461	0.006109384088
0	0	0	0	0	0	0	0	0	0	0	0	0	0	0	0	0	0	0	0	0	0	0	0	0	0	0	0	0	0	0	0	0	0	0	0	0	0	0	0	0	0	0	0	0	0	0	0	0	0	0
0	0	0	0	0	0	0	0	0	0	0	0	0	0	0	0	0	0	0	0	0	0	0	0	0	0	0	0	0	0	0	0	0	0	0	0	0	0	0	0	0	0	0	0	0	0	0	0	0	0	0
0.01161948826	0.02022872835	0.02846363516	0.03172264637	0.03247092145	0.02481325862	0.01373227948	-0.002264841698	-0.01877903534	-0.03330893546	-0.04331292762	-0.04616347397	-0.04198867927	-0.03093916895	-0.01568527409	0.001387855346	0.01679175448	0.02865486682	0.03500956414	0.03629331671	0.03294424971	0.02688064438	0.01961093807	0.01241700027	0.00595045917	5.409927474e-18	-0.00595045917	-0.01241700027	-0.01961093807	-0.02688064438	-0.03294424971	-0.03629331671	-0.03500956414	-0.02865486682	-0.01679175448	-0.001387855346	0.01568527409	0.03093916895	0.04198867927	0.04616347397	0.04331292762	0.03330893546	0.01877903534	0.002264841698	-0.01373227948	-0.02481325862	-0.03247092145	-0.03172264637	-0.02846363516	-0.02022872835	-0.01161948826
0	0	0	0	0	0	0	0	0	0	0	0	0	0	0	0	0	0	0	0	0	0	0	0	0	0	0	0	0	0	0	0	0	0	0	0	0	0	0	0	0	0	0	0	0	0	0	0	0	0	0
0	0	0	0	0	0	0	0	0	0	0	0	0	0	0	0	0	0	0	0	0	0	0	0	0	0	0	0	0	0	0	0	0	0	0	0	0	0	0	0	0	0	0	0	0	0	0	0	0	0	0
-0.008246440888	-0.005113944473	0.001052224071	0.004983226394	0.009581173761	0.01183298921	0.01517111787	0.01769539013	0.0197506617	0.02175061577	0.02022599736	0.01750687615	0.009347412111	-0.00108439784	-0.01491760475	-0.02918863864	-0.04092673584	-0.04854473419	-0.04788159417	-0.03992956882	-0.02338658793	-0.001916667899	0.02155861187	0.04272213488	0.05696405217	0.06248471679	0.05696405217	0.04272213488	0.02155861187	-0.001916667899	-0.02338658793	-0.03992956882	-0.04788159417	-0.04854473419	-0.04092673584	-0.02918863864	-0.01491760475	-0.00108439784	0.009347412111	0.01750687615	0.02022599736	0.02175061577	0.0197506617	0.01769539013	0.01517111787	0.01183298921	0.009581173761	0.004983226394	0.001052224071	-0.005113944473	-0.008246440888
0	0	0	0	0	0	0	0	0	0	0	0	0	0	0	0	0	0	0	0	0	0	0	0	0	0	0	0	0	0	0	0	0	0	0	0	0	0	0	0	0	0	0	0	0	0	0	0	0	0	0
0	0	0	0	0	0	0	0	0	0	0	0	0	0	0	0	0	0	0	0	0	0	0	0	0	0	0	0	0	0	0	0	0	0	0	0	0	0	0	0	0	0	0	0	0	0	0	0	0	0	0
-0.008472442548	-0.0180166898	-0.02753153024	-0.0313819192	-0.03332847759	-0.02617890331	-0.01619838969	-0.001089118979	0.01462706428	0.02808982008	0.0381136547	0.04070829193	0.03779974953	0.02802620159	0.01493054422	0.0001215659417	-0.01339130845	-0.02345581392	-0.0292240973	-0.03017521297	-0.02755872533	-0.02237177725	-0.01633178618	-0.01031191516	-0.004930487352	-2.607896119e-17	0.004930487352	0.01031191516	0.01633178618	0.02237177725	0.02755872533	0.03017521297	0.0292240973	0.02345581392	0.01339130845	-0.0001215659417	-0.01493054422	-0.02802620159	-0.03779974953	-0.04070829193	-0.0381136547	-0.02808982008	-0.01462706428	0.001089118979	0.01619838969	0.02617890331	0.03332847759	0.0313819192	0.02753153024	0.0180166898	0.008472442548
0	0	0	0	0	0	0	0	0	0	0	0	0	0	0	0	0	0	0	0	0	0	0	0	0	0	0	0	0	0	0	0	0	0	0	0	0	0	0	0	0	0	0	0	0	0	0	0	0	0	0
0	0	0	0	0	0	0	0	0	0	0	0	0	0	0	0	0	0	0	0	0	0	0	0	0	0	0	0	0	0	0	0	0	0	0	0	0	0	0	0	0	0	0	0	0	0	0	0	0	0	0
0.008983153258	0.009797971246	0.007109525716	0.004495719238	0.0007690178433	-0.003313515844	-0.008937743875	-0.01511497759	-0.02088395734	-0.02597920067	-0.02699752734	-0.02510365086	-0.01698977283	-0.005207266952	0.01034971712	0.02670163283	0.0402533454	0.0493167178	0.04952614314	0.0420331062	0.02555308759	0.003978348458	-0.01962941295	-0.04101029416	-0.05524047629	-0.06091428292	-0.05524047629	-0.04101029416	-0.01962941295	0.003978348458	0.02555308759	0.0420331062	0.04952614314	0.0493167178	0.0402533454	0.02670163283	0.01034971712	-0.005207266952	-0.01698977283	-0.02510365086	-0.02699752734	-0.02597920067	-0.02088395734	-0.01511497759	-0.008937743875	-0.003313515844	0.0007690178433	0.004495719238	0.007109525716	0.009797971246	0.008983153258
0	0	0	0	0	0	0	0	0	0	0	0	0	0	0	0	0	0	0	0	0	0	0	0	0	0	0	0	0	0	0	0	0	0	0	0	0	0	0	0	0	0	0	0	0	0	0	0	0	0	0
0	0	0	0	0	0	0	0	0	0	0	0	0	0	0	0	0	0	0	0	0	0	0	0	0	0	0	0	0	0	0	0	0	0	0	0	0	0	0	0	0	0	0	0	0	0	0	0	0	0	0
0.005787277395	0.0151858075	0.0247722165	0.02863725563	0.03115452328	0.02476213112	0.01617038189	0.002697980314	-0.01138410296	-0.02311537591	-0.0324041594	-0.03448153781	-0.03250715707	-0.02405589368	-0.0131331953	-0.0006898206156	0.01080440071	0.01903455164	0.02410619638	0.02470824932	0.02273006814	0.01835296122	0.01343423288	0.008469533188	0.004045900803	3.435124411e-17	-0.004045900803	-0.008469533188	-0.01343423288	-0.01835296122	-0.02273006814	-0.02470824932	-0.02410619638	-0.01903455164	-0.01080440071	0.0006898206156	0.0131331953	0.02405589368	0.03250715707	0.03448153781	0.0324041594	0.02311537591	0.01138410296	-0.002697980314	-0.01617038189	-0.02476213112	-0.03115452328	-0.02863725563	-0.0247722165	-0.0151858075	-0.005787277395
0	0	0	0	0	0	0	0	0	0	0	0	0	0	0	0	0	0	0	0	0	0	0	0	0	0	0	0	0	0	0	0	0	0	0	0	0	0	0	0	0	0	0	0	0	0	0	0	0	0	0
0	0	0	0	0	0	0	0	0	0	0	0	0	0	0	0	0	0	0	0	0	0	0	0	0	0	0	0	0	0	0	0	0	0	0	0	0	0	0	0	0	0	0	0	0	0	0	0	0	0	0
-0.008759172898	-0.01342894271	-0.01423898634	-0.01298015967	-0.01027556873	-0.004552454683	0.003032800434	0.01247438804	0.02161225754	0.02937680531	0.03283861275	0.03159054412	0.02375617355	0.01081799603	-0.006107785874	-0.0241273423	-0.03932743089	-0.04949064993	-0.0507067992	-0.04357391771	-0.02742638183	-0.005886143036	0.01769376744	0.03903447609	0.05331425834	0.05891371418	0.05331425834	0.03903447609	0.01769376744	-0.005886143036	-0.02742638183	-0.04357391771	-0.0507067992	-0.04949064993	-0.03932743089	-0.0241273423	-0.006107785874	0.01081799603	0.02375617355	0.03159054412	0.03283861275	0.02937680531	0.02161225754	0.01247438804	0.003032800434	-0.004552454683	-0.01027556873	-0.01298015967	-0.01423898634	-0.01342894271	-0.008759172898
0	0	0	0	0	0	0	0	0	0	0	0	0	0	0	0	0	0	0	0	0	0	0	0	0	0	0	0	0	0	0	0	0	0	0	0	0	0	0	0	0	0	0	0	0	0	0	0	0	0	0
0	0	0	0	0	0	0	0	0	0	0	0	0	0	0	0	0	0	0	0	0	0	0	0	0	0	0	0	0	0	0	0	0	0	0	0	0	0	0	0	0	0	0	0	0	0	0	0	0	0	0
-0.003680048537	-0.0120024705	-0.0206062008	-0.02402505931	-0.02654905928	-0.02114544767	-0.01413475101	-0.002889531581	0.008895445229	0.01843662168	0.02634784582	0.02778367039	0.02640889252	0.01934340828	0.01054774902	0.0004991400145	-0.008887893464	-0.01534293458	-0.01960393625	-0.01990656994	-0.01845542596	-0.0148438184	-0.01093175653	-0.006898378255	-0.003304174734	-3.919032805e-17	0.003304174734	0.006898378255	0.01093175653	0.0148438184	0.01845542596	0.01990656994	0.01960393625	0.01534293458	0.008887893464	-0.0004991400145	-0.01054774902	-0.01934340828	-0.02640889252	-0.02778367039	-0.02634784582	-0.01843662168	-0.008895445229	0.002889531581	0.01413475101	0.02114544767	0.02654905928	0.02402505931	0.0206062008	0.0120024705	0.003680048537
0	0	0	0	0	0	0	0	0	0	0	0	0	0	0	0	0	0	0	0	0	0	0	0	0	0	0	0	0	0	0	0	0	0	0	0	0	0	0	0	0	0	0	0	0	0	0	0	0	0	0
0	0	0	0	0	0	0	0	0	0	0	0	0	0	0	0	0	0	0	0	0	0	0	0	0	0	0	0	0	0	0	0	0	0	0	0	0	0	0	0	0	0	0	0	0	0	0	0	0	0	0
0.007801966381	0.01592255376	0.01993557426	0.01996592352	0.01832026429	0.01128694011	0.002172824581	-0.009930826169	-0.02187944471	-0.03176719243	-0.03738748341	-0.03660967549	-0.02920757216	-0.01536471692	0.002541059591	0.0217709741	0.03833717416	0.04922485347	0.05143435735	0.0445181358	0.02884970477	0.00741181872	-0.01604106247	-0.03716511465	-0.0515479405	-0.05690498442	-0.0515479405	-0.03716511465	-0.01604106247	0.00741181872	0.02884970477	0.0445181358	0.05143435735	0.04922485347	0.03833717416	0.0217709741	0.002541059591	-0.01536471692	-0.02920757216	-0.03660967549	-0.03738748341	-0.03176719243	-0.02187944471	-0.009930826169	0.002172824581	0.01128694011	0.01832026429	0.01996592352	0.01993557426	0.01592255376	0.007801966381
0	0	0	0	0	0	0	0	0	0	0	0	0	0	0	0	0	0	0	0	0	0	0	0	0	0	0	0	0	0	0	0	0	0	0	0	0	0	0	0	0	0	0	0	0	0	0	0	0	0	0
0	0	0	0	0	0	0	0	0	0	0	0	0	0	0	0	0	0	0	0	0	0	0	0	0	0	0	0	0	0	0	0	0	0	0	0	0	0	0	0	0	0	0	0	0	0	0	0	0	0	0
0.002423179562	0.008969761985	0.01579365832	0.01842484355	0.02050044075	0.01623552761	0.010876811	0.002205745199	-0.006887933379	-0.01406135193	-0.02021569896	-0.02109672268	-0.02015308872	-0.01464491286	-0.008006658204	-0.0004085307927	0.006752501095	0.0115204173	0.01485826143	0.01498708209	0.01400289517	0.01123487788	0.008328126695	0.005262114269	0.002529477319	6.319690475e-18	-0.002529477319	-0.005262114269	-0.008328126695	-0.01123487788	-0.01400289517	-0.01498708209	-0.01485826143	-0.0115204173	-0.006752501095	0.0004085307927	0.008006658204	0.01464491286	0.02015308872	0.02109672268	0.02021569896	0.01406135193	0.006887933379	-0.002205745199	-0.010876811	-0.01623552761	-0.02050044075	-0.01842484355	-0.01579365832	-0.008969761985	-0.002423179562
0	0	0	0	0	0	0	0	0	0	0	0	0	0	0	0	0	0	0	0	0	0	0	0	0	0	0	0	0	0	0	0	0	0	0	0	0	0	0	0	0	0	0	0	0	0	0	0	0	0	0
0	0	0	0	0	0	0	0	0	0	0	0	0	0	0	0	0	0	0	0	0	0	0	0	0	0	0	0	0	0	0	0	0	0	0	0	0	0	0	0	0	0	0	0	0	0	0	0	0	0	0
-0.006646735675	-0.01764479436	-0.0243726314	-0.02559823382	-0.02497983782	-0.01709666298	-0.006956227599	0.007056515511	0.02112231671	0.03254280792	0.03992817899	0.03952139405	0.03269244488	0.01832416594	-5.456916145e-05	-0.01991816253	-0.03733271358	-0.0484632676	-0.051364818	-0.04439860487	-0.02911085458	-0.007685755084	0.01566468126	0.03656569044	0.05108535381	0.05615892912	0.05108535381	0.03656569044	0.01566468126	-0.007685755084	-0.02911085458	-0.04439860487	-0.051364818	-0.0484632676	-0.03733271358	-0.01991816253	-5.456916145e-05	0.01832416594	0.03269244488	0.03952139405	0.03992817899	0.03254280792	0.02112231671	0.007056515511	-0.006956227599	-0.01709666298	-0.02497983782	-0.02559823382	-0.0243726314	-0.01764479436	-0.006646735675
0	0	0	0	0	0	0	0	0	0	0	0	0	0	0	0	0	0	0	0	0	0	0	0	0	0	0	0	0	0	0	0	0	0	0	0	0	0	0	0	0	0	0	0	0	0	0	0	0	0	0
0	0	0	0	0	0	0	0	0	0	0	0	0	0	0	0	0	0	0	0	0	0	0	0	0	0	0	0	0	0	0	0	0	0	0	0	0	0	0	0	0	0	0	0	0	0	0	0	0	0	0
-0.001864604328	-0.00613424327	-0.01061403236	-0.0121897104	-0.01345205719	-0.01035884101	-0.006598688898	-0.0006162634873	0.005649665975	0.0104932842	0.01475764697	0.01529034264	0.01475227764	0.01100442467	0.006591687614	0.001486775386	-0.003355000759	-0.006561190532	-0.008923649625	-0.009078712823	-0.008595029824	-0.006874248314	-0.005104618882	-0.0032099985	-0.001538977407	5.343427896e-17	0.001538977407	0.0032099985	0.005104618882	0.006874248314	0.008595029824	0.009078712823	0.008923649625	0.006561190532	0.003355000759	-0.001486775386	-0.006591687614	-0.01100442467	-0.01475227764	-0.01529034264	-0.01475764697	-0.0104932842	-0.005649665975	0.0006162634873	0.006598688898	0.01035884101	0.01345205719	0.0121897104	0.01061403236	0.00613424327	0.001864604328
0	0	0	0	0	0	0	0	0	0	0	0	0	0	0	0	0	0	0	0	0	0	0	0	0	0	0	0	0	0	0	0	0	0	0	0	0	0	0	0	0	0	0	0	0	0	0	0	0	0	0
0	0	0	0	0	0	0	0	0	0	0	0	0	0	0	0	0	0	0	0	0	0	0	0	0	0	0	0	0	0	0	0	0	0	0	0	0	0	0	0	0	0	0	0	0	0	0	0	0	0	0
0.005674797451	0.01877948502	0.02750397971	0.02971008577	0.02993579671	0.02164413268	0.0109386274	-0.004220303011	-0.01966009299	-0.03204631941	-0.04070359864	-0.04061583012	-0.03440370172	-0.01990656548	-0.001520937096	0.01844445141	0.03614827135	0.04712487519	0.05032017056	0.0431055147	0.02801430933	0.006516558285	-0.01677128255	-0.03750917264	-0.05213613976	-0.05698182988	-0.05213613976	-0.03750917264	-0.01677128255	0.006516558285	0.02801430933	0.0431055147	0.05032017056	0.04712487519	0.03614827135	0.01844445141	-0.001520937096	-0.01990656548	-0.03440370172	-0.04061583012	-0.04070359864	-0.03204631941	-0.01966009299	-0.004220303011	0.0109386274	0.02164413268	0.02993579671	0.02971008577	0.02750397971	0.01877948502	0.005674797451
0	0	0	0	0	0	0	0	0	0	0	0	0	0	0	0	0	0	0	0	0	0	0	0	0	0	0	0	0	0	0	0	0	0	0	0	0	0	0	0	0	0	0	0	0	0	0	0	0	0	0
0	0	0	0	0	0	0	0	0	0	0	0	0	0	0	0	0	0	0	0	0	0	0	0	0	0	0	0	0	0	0	0	0	0	0	0	0	0	0	0	0	0	0	0	0	0	0	0	0	0	0
0.00133138991	0.003216566135	0.005212037169	0.005757982818	0.006165146656	0.004406601716	0.002336678763	-0.0008037368869	-0.004084014729	-0.006580915311	-0.008819597916	-0.009106959172	-0.008906722134	-0.007026173039	-0.004842751093	-0.002259523867	0.0002011447635	0.001878445668	0.00316975278	0.003380044213	0.003304299873	0.002625699516	0.001935919266	0.001193298694	0.0005620011379	-1.328155794e-17	-0.0005620011379	-0.001193298694	-0.001935919266	-0.002625699516	-0.003304299873	-0.003380044213	-0.00316975278	-0.001878445668	-0.0002011447635	0.002259523867	0.004842751093	0.007026173039	0.008906722134	0.009106959172	0.008819597916	0.006580915311	0.004084014729	0.0008037368869	-0.002336678763	-0.004406601716	-0.006165146656	-0.005757982818	-0.005212037169	-0.003216566135	-0.00133138991
0	0	0	0	0	0	0	0	0	0	0	0	0	0	0	0	0	0	0	0	0	0	0	0	0	0	0	0	0	0	0	0	0	0	0	0	0	0	0	0	0	0	0	0	0	0	0	0	0	0	0
0	0	0	0	0	0	0	0	0	0	0	0	0	0	0	0	0	0	0	0	0	0	0	0	0	0	0	0	0	0	0	0	0	0	0	0	0	0	0	0	0	0	0	0	0	0	0	0	0	0	0
-0.003870450582	-0.01827141842	-0.0282648126	-0.03127715516	-0.03224579343	-0.02412981733	-0.0135192044	0.001803256709	0.01755299508	0.0300602451	0.03906671368	0.03890080126	0.03285532568	0.01819888363	-0.0002150130145	-0.02024347825	-0.03809432064	-0.04902349195	-0.05243614153	-0.04521178718	-0.03037499705	-0.009024831992	0.01405832036	0.03454904311	0.04914071691	0.05381931644	0.04914071691	0.03454904311	0.01405832036	-0.009024831992	-0.03037499705	-0.04521178718	-0.05243614153	-0.04902349195	-0.03809432064	-0.02024347825	-0.0002150130145	0.01819888363	0.03285532568	0.03890080126	0.03906671368	0.0300602451	0.01755299508	0.001803256709	-0.0135192044	-0.02412981733	-0.03224579343	-0.03127715516	-0.0282648126	-0.01827141842	-0.003870450582
0	0	0	0	0	0	0	0	0	0	0	0	0	0	0	0	0	0	0	0	0	0	0	0	0	0	0	0	0	0	0	0	0	0	0	0	0	0	0	0	0	0	0	0	0	0	0	0	0	0	0
0	0	0	0	0	0	0	0	0	0	0	0	0	0	0	0	0	0	0	0	0	0	0	0	0	0	0	0	0	0	0	0	0	0	0	0	0	0	0	0	0	0	0	0	0	0	0	0	0	0	0
