25 50
1 1 -0.797884560802865
1 2 1.00000000000000
1 3 -0.564189583547756
1 5 0.162867503967640
1 7 -0.0892062058076386
1 9 0.0596034033761120
1 11 -0.0439792525587995
1 13 0.0344511233825375
1 15 -0.0280905588320645
1 17 0.0235720910841532
1 19 -0.0202129013489131
1 21 0.0176272993342950
1 23 -0.0155818275174025
1 25 0.0139273390571126
1 27 -0.0125643291797440
1 29 0.0114240058576427
1 31 -0.0104573719402441
1 33 0.00962863484261943
1 35 -0.00891107260430101
1 37 0.00828435401829170
1 39 -0.00773275113661403
1 41 0.00724391688001674
1 43 -0.00680803048628412
1 45 0.00641718829294260
1 47 -0.00606496173807423
1 49 0.00574607157627842
2 1 0.325735007935280
2 3 -0.690988298942671
2 4 1.00000000000000
2 5 -0.598413420602149
2 7 0.182091405098680
2 9 -0.102198547643328
2 11 0.0692528965958894
2 13 -0.0515702448267620
2 15 0.0406589983848392
2 17 -0.0333113049961062
2 19 0.0280564002314289
2 21 -0.0241288202745342
2 23 0.0210925805324099
2 25 -0.0186819548996952
2 27 0.0167261931797469
2 29 -0.0151108119916870
2 31 0.0137563247003482
2 33 -0.0126059053586902
2 35 0.0116179059849555
2 37 -0.0107611425267978
2 39 0.0100118271418193
2 41 -0.00935151491502463
2 43 0.00876569531580812
2 45 -0.00824280471641538
2 47 0.00777352058779462
2 49 -0.00735024821341580
3 1 -0.218509686118416
3 3 0.257516134682126
3 5 -0.669046543557289
3 6 1.00000000000000
3 7 -0.610753139878650
3 9 0.190435749776861
3 11 -0.108397929099021
3 13 0.0741307969600372
3 15 -0.0555599515078390
3 17 0.0440146568671265
3 19 -0.0361938566085091
3 21 0.0305737533320824
3 23 -0.0263566009981115
3 25 0.0230856985072204
3 27 -0.0204814479513874
3 29 0.0183634797872995
3 31 -0.0166104416612905
3 33 0.0151378181055342
3 35 -0.0138850216154384
3 37 0.0128075374964671
3 39 -0.0118719607936816
3 41 0.0110527578939448
3 43 -0.0103300936925911
3 45 0.00968833767330240
3 47 -0.00911501438693322
3 49 0.00860005185524691
4 1 0.168583882836184
4 3 -0.166889529453114
4 5 0.240884286886713
4 7 -0.659688788381993
4 8 1.00000000000000
4 9 -0.617082357005358
4 11 0.195138575204209
4 13 -0.112098577001675
4 15 0.0771577797725184
4 17 -0.0581059881284756
4 19 0.0462018029426718
4 21 -0.0381039552927518
4 23 0.0322641671658076
4 25 -0.0278689812889355
4 27 0.0244511756080565
4 29 -0.0217238561024180
4 31 0.0195014429878360
4 33 -0.0176587692986935
4 35 0.0161084661466783
4 37 -0.0147877713476547
4 39 0.0136504853925913
4 41 -0.0126618789240040
4 43 0.0117953636601992
4 45 -0.0110302548023075
4 47 0.0103502300549693
4 49 -0.00974224536938544
5 1 -0.139074607877595
5 3 0.126437912127138
5 5 -0.153297821464992
5 7 0.233235207868822
5 9 -0.654514678783600
5 10 1.00000000000000
5 11 -0.620927144090899
5 13 0.198164159898117
5 15 -0.114573457526737
5 17 0.0792394808782953
5 19 -0.0598942816336477
5 21 0.0477635928147191
5 23 -0.0394861351020212
5 25 0.0335007876120845
5 27 -0.0289854926054433
5 29 0.0254670635711330
5 31 -0.0226543470950928
5 33 0.0203586448671440
5 35 -0.0184524571478649
5 37 0.0168466371421289
5 39 -0.0154770452283758
5 41 0.0142963991052080
5 43 -0.0132691071397313
5 45 0.0123678863507273
5 47 -0.0115714863441760
5 49 0.0108631199366040
6 1 0.119342192152758
6 3 -0.103140489653524
6 5 0.114842936826923
6 7 -0.146771489830575
6 9 0.228820262121828
6 11 -0.651233882791557
6 12 1.00000000000000
6 13 -0.623508972874051
6 15 0.200276093365814
6 17 -0.116349896137392
6 19 0.0807655532556403
6 21 -0.0612270740454678
6 23 0.0489431183977768
6 25 -0.0405414490017960
6 27 0.0344536065949141
6 29 -0.0298524441527061
6 31 0.0262611407020985
6 33 -0.0233858818137397
6 35 0.0210359786164796
6 37 -0.0190824142643028
6 39 0.0174348665700910
6 41 -0.0160282719391012
6 43 0.0148146122642077
6 45 -0.0137577031007030
6 47 0.0128297788222092
6 49 -0.0120091923249056
7 1 -0.105105246952602
7 3 0.0878334751963757
7 5 -0.0929695810055610
7 7 0.109117578596892
7 9 -0.142898207894381
7 11 0.225941905251250
7 13 -0.648968714596981
7 14 1.00000000000000
7 15 -0.625361901098279
7 17 0.201834685692187
7 19 -0.117688834298236
7 21 0.0819349188989436
7 23 -0.0622619711245261
7 25 0.0498690376104398
7 27 -0.0413774431197777
7 29 0.0352142635297349
7 31 -0.0305491632478923
7 33 0.0269029867321868
7 35 -0.0239801731757788
7 37 0.0215887026965906
7 39 -0.0195985272298610
7 41 0.0179185139453499
7 43 -0.0164829536899299
7 45 0.0152433082514668
7 47 -0.0141629697336397
7 49 0.0132138244531545
8 1 0.0942883643366128
8 3 -0.0769291636262386
8 5 0.0787358118089783
8 7 -0.0878479967266388
8 9 0.105652641171060
8 11 -0.140323254503473
8 13 0.223915479517027
8 15 -0.647311065109173
8 16 1.00000000000000
8 17 -0.626756243745903
8 19 0.203032528170905
8 21 -0.118734977843307
8 23 0.0828607665789070
8 25 -0.0630903264429406
8 27 0.0506169449451649
8 29 -0.0420579527183232
8 31 0.0358375732209661
8 33 -0.0311233823964002
8 35 0.0274346624154534
8 37 -0.0244746617600977
8 39 0.0220504380247181
8 41 -0.0200312179442163
8 43 0.0183252911706673
8 45 -0.0168664832626587
8 47 0.0156058771852919
8 49 -0.0145065536673236
9 1 -0.0857560776676270
9 3 0.0687238645863046
9 5 -0.0686730145130556
9 7 0.0740877073983095
9 9 -0.0847033053948984
9 11 0.103315642865758
9 13 -0.138484075988930
9 15 0.222410991173016
9 17 -0.646045548619932
9 18 1.00000000000000
9 19 -0.627843419313627
9 21 0.203982022959719
9 23 -0.119575292488569
9 25 0.0836125971039459
9 27 -0.0637691420834689
9 29 0.0512345899753054
9 31 -0.0426236826218798
9 33 0.0363587480299401
9 35 -0.0316059442338158
9 37 0.0278834727283041
9 39 -0.0248937447207395
9 41 0.0224431596178727
9 43 -0.0204004200015522
9 45 0.0186733932288423
9 47 -0.0171955610385917
9 49 0.0159177237913242
10 1 0.0788316791424409
10 3 -0.0623003460579352
10 5 0.0611475066641648
10 7 -0.0644074398753087
10 9 0.0712017602555549
10 11 -0.0825585698009622
10 13 0.101627759192188
10 15 -0.137103342840115
10 17 0.221249568137138
10 19 -0.645047794281474
10 20 1.00000000000000
10 21 -0.628714819343417
10 23 0.204753224284902
10 25 -0.120265288362839
10 27 0.0842355840892829
10 29 -0.0643359900496595
10 31 0.0517537930024467
10 33 -0.0431019952858045
10 35 0.0368016236511537
10 37 -0.0320178443629164
10 39 0.0282680905210534
10 41 -0.0252541692908214
10 43 0.0227819990442059
10 45 -0.0207198948065079
10 47 0.0189754083975362
10 49 -0.0174817621981239
11 1 -0.0730852493544752
11 3 0.0571189780993917
11 5 -0.0552860726690191
11 7 0.0571982549981952
11 9 -0.0617354634590125
11 11 0.0692160218229681
11 13 -0.0809958057142225
11 15 0.100349371709367
11 17 -0.136028005901465
11 19 0.220325766323103
11 21 -0.644240979964118
11 22 1.00000000000000
11 23 -0.629428862525662
11 25 0.205392081451324
11 27 -0.120842103606662
11 29 0.0847604214666164
11 31 -0.0648167139702788
11 33 0.0521966573355218
11 35 -0.0435120491147016
11 37 0.0371829978128156
11 39 -0.0323739582618915
11 41 0.0286018042974915
11 43 -0.0255678977085271
11 45 0.0230777980389292
11 47 -0.0209995281662612
11 49 0.0192403997772048
12 1 0.0682297483293215
12 3 -0.0528405479815828
12 5 0.0505782313126719
12 7 -0.0516033260749633
12 9 0.0547065570873058
12 11 -0.0598836888491238
12 13 0.0677586792014329
12 15 -0.0798036519532965
12 17 0.0993465691012448
12 19 -0.135166515247699
12 21 0.219573371070635
12 23 -0.643575097636349
12 24 1.00000000000000
12 25 -0.630024630631138
12 27 0.205929992668735
12 29 -0.121331543048509
12 31 0.0852087230070191
12 33 -0.0652297096005878
12 35 0.0525790555417618
12 37 -0.0438677020840510
12 39 0.0375150942942534
12 41 -0.0326851654679604
12 43 0.0288943741089159
12 45 -0.0258437473836655
12 47 0.0233385723957008
12 49 -0.0212466480878066
13 1 -0.0640657596627177
13 3 0.0492405794558427
13 5 -0.0467048872492379
13 7 0.0471234847486845
13 9 -0.0492658641354183
13 11 0.0529693961318701
13 13 -0.0585165412363110
13 15 0.0666403046237177
13 17 -0.0788629080536757
13 19 0.0985383906746981
13 21 -0.134460680056461
13 23 0.218948694495961
13 25 -0.643016196013222
13 26 1.00000000000000
13 27 -0.630529255966850
13 29 0.206389145953734
13 31 -0.121752104250785
13 33 0.0855961631739456
13 35 -0.0655884458140045
13 37 0.0529127015843396
13 39 -0.0441792493621718
13 41 0.0378070449564994
13 43 -0.0329596320361436
13 45 0.0291531551920775
13 47 -0.0260883860113661
13 49 0.0235704015215607
14 1 0.0604501569509354
14 3 -0.0461642931761014
14 5 0.0434559246068004
14 7 -0.0434477122048360
14 9 0.0449196778881936
14 11 -0.0476280244212015
14 13 0.0516804098923711
14 15 -0.0574621027762285
14 17 0.0657533402767068
14 19 -0.0781009297197700
14 21 0.0978729043007542
14 23 -0.133871712354208
14 25 0.218421741398637
14 27 -0.642540416298790
14 28 1.00000000000000
14 29 -0.630962163162352
14 31 0.206785667252914
14 33 -0.122117397913668
14 35 0.0859343937562172
14 37 -0.0659030205003435
14 39 0.0532064407664412
14 41 -0.0444545121459287
14 43 0.0380658230965495
14 45 -0.0332036213209417
14 47 0.0293838104420501
14 49 -0.0263069639808810
15 1 -0.0572773850389327
15 3 0.0435013182859335
15 5 -0.0406871064724294
15 7 0.0403718224901522
15 9 -0.0413609897651131
15 11 0.0433688465158433
15 13 -0.0464075103789091
15 15 0.0506819820916291
15 17 -0.0566222517097102
15 19 0.0650318354039826
15 21 -0.0774707909003215
15 23 0.0973152193947714
15 25 -0.133372747843752
15 27 0.217971231998968
15 29 -0.642130502115889
15 30 1.00000000000000
15 31 -0.631337624167410
15 33 0.207131559327254
15 35 -0.122437664390516
15 37 0.0862322608322223
15 39 -0.0661811587512815
15 41 0.0534670839867032
15 43 -0.0446995462927975
15 45 0.0382968538830046
15 47 -0.0334220262921329
15 49 0.0295907795982059
16 1 0.0544677839262821
16 3 -0.0411707144994762
16 5 0.0382959872150585
16 7 -0.0377560369073105
16 9 0.0383886289102033
16 11 -0.0398870940423755
16 13 0.0422088782527226
16 15 -0.0454586096116469
16 17 0.0498837907575016
16 19 -0.0559365354306771
16 21 0.0644329526695553
16 23 -0.0769407678634123
16 25 0.0968410038781555
16 27 -0.132944583824400
16 29 0.217581649503470
16 31 -0.641773663798743
16 32 1.00000000000000
16 33 -0.631666360260589
16 35 0.207435940915892
16 37 -0.122720757634075
16 39 0.0864966038327678
16 41 -0.0664288744972003
16 43 0.0536999648844313
16 45 -0.0449191184063792
16 47 0.0385044264271156
16 49 -0.0336187302397613
17 1 -0.0519600356871530
17 3 0.0391116996228281
17 5 -0.0362077065246626
17 7 0.0355013303057689
17 9 -0.0358651299902981
17 11 0.0369833150045722
17 13 -0.0387810976838852
17 15 0.0413041272053180
17 17 -0.0446975549870700
17 19 0.0492299775566192
17 21 -0.0553655154050687
17 23 0.0639275883754645
17 25 -0.0764886144798256
17 27 0.0964327593462296
17 29 -0.132573125753267
17 31 0.217241412157705
17 33 -0.641460221209205
17 34 1.00000000000000
17 35 -0.631956581438438
17 37 0.207705864180261
17 39 -0.122972802996398
17 41 0.0867327955058567
17 43 -0.0666509214935547
17 45 0.0539093222666544
17 47 -0.0451170344772645
17 49 0.0386919795409133
18 1 0.0497061241097502
18 3 -0.0372776912078078
18 5 0.0343662293597736
18 7 -0.0335355132263835
18 9 0.0336932742842578
18 11 -0.0345213862957191
18 13 0.0359257728661409
18 15 -0.0379159829603672
18 17 0.0405764129180567
18 19 -0.0440723835688313
18 21 0.0486839720121728
18 23 -0.0548822891765173
18 25 0.0634952419012075
18 27 -0.0760982532525655
18 29 0.0960775730220675
18 31 -0.132247792438937
18 33 0.216941699788514
18 35 -0.641182712988902
18 36 1.00000000000000
18 37 -0.632214680931101
18 39 0.207946868938393
18 41 -0.123198648554883
18 43 0.0869451160083936
18 45 -0.0668511082595335
18 47 0.0540985689137506
18 49 -0.0452963721199473
19 1 -0.0476678793880178
19 3 0.0356323539463384
19 5 -0.0327287372726021
19 7 0.0318046684695980
19 9 -0.0318023047767948
19 11 0.0324051535576467
19 13 -0.0335076182428655
19 15 0.0350964661555485
19 17 -0.0372183888740113
19 19 0.0399771169972641
19 21 -0.0435489765855488
19 23 0.0482207457593204
19 25 -0.0544678366817660
19 27 0.0631210368417068
19 29 -0.0757577671900808
19 31 0.0957657043526452
19 33 -0.131960484273278
19 35 0.216675676757992
19 37 -0.640935295378691
19 38 1.00000000000000
19 39 -0.632445711335645
19 41 0.208163367559173
19 43 -0.123402181897934
19 45 0.0871370178064287
19 47 -0.0670325227267501
19 49 0.0542704844873573
20 1 0.0458145530435872
20 3 -0.0341469044387000
20 5 0.0312619202304860
20 7 -0.0302676798757954
20 9 0.0301394556741670
20 11 -0.0305647153283757
20 13 0.0314311526996680
20 15 -0.0327108419265415
20 17 0.0344262353320430
20 19 -0.0366426000734971
20 21 0.0394742401614980
20 23 -0.0431039197585667
20 25 0.0478225494651678
20 27 -0.0541083090782501
20 29 0.0627939055909659
20 31 -0.0754581308127959
20 33 0.0954896651000627
20 35 -0.131704895258842
20 37 0.216437963382246
20 39 -0.640713326438570
20 40 1.00000000000000
20 41 -0.632653718481981
20 43 0.208358917971069
20 45 -0.123586556992384
20 47 0.0873113169160643
20 49 -0.0671976955177583
21 1 -0.0441210802484630
21 3 0.0327982286286032
21 5 -0.0299394559045545
21 7 0.0288926222980553
21 9 -0.0286645475573302
21 11 0.0289480018695438
21 13 -0.0296270225125432
21 15 0.0306640771941903
21 17 -0.0320655942809778
21 19 0.0338719090094218
21 21 -0.0361584677007670
21 23 0.0390457724239083
21 25 -0.0427205657482367
21 27 0.0474764227242782
21 29 -0.0537933710916906
21 31 0.0625054375959105
21 33 -0.0751923803581429
21 35 0.0952436026054014
21 37 -0.131476042096791
21 39 0.216224267792822
21 41 -0.640513072229447
21 42 1.00000000000000
21 43 -0.632841980268170
21 45 0.208536420986056
21 47 -0.123754359591044
21 49 0.0874703333658546
22 1 0.0425668115535038
22 3 -0.0315675387177515
22 5 0.0287402540780869
22 7 -0.0276543123068884
22 9 0.0273464256500803
22 11 -0.0275154062014059
22 13 0.0280436084090015
22 15 -0.0288871867057351
22 17 0.0300417425728963
22 19 -0.0315309520403792
22 21 0.0334049679384359
22 23 -0.0357452144979190
22 25 0.0386760308908489
22 27 -0.0423867295044612
22 29 0.0471726677009827
22 31 -0.0535151461013994
22 33 0.0622491234449664
22 35 -0.0749550550517206
22 37 0.0950228755355578
22 39 -0.131269934363704
22 41 0.216031124147495
22 43 -0.640331495167760
22 44 1.00000000000000
22 45 -0.633013180590595
22 47 0.208698265341800
22 49 -0.123907729781997
23 1 -0.0411345718426484
23 3 0.0304393967697997
23 5 -0.0276472075067410
23 7 0.0265326054419742
23 9 -0.0261605462604766
23 11 0.0262362489226315
23 13 -0.0266416774955444
23 15 0.0273288571845843
23 17 -0.0282859523375005
23 19 0.0295252271235538
23 21 -0.0310798422097618
23 23 0.0330057256084264
23 25 -0.0353880085312468
23 27 0.0383535128239708
23 29 -0.0420932727476825
23 31 0.0469038753836429
23 33 -0.0532675217441067
23 35 0.0620198441265209
23 37 -0.0747418112197573
23 39 0.0948237553859658
23 41 -0.131083338769218
23 43 0.215855702986493
23 45 -0.640166098937398
23 46 1.00000000000000
23 47 -0.633169538053913
23 49 0.208846435942887
24 1 0.0398099516561664
24 3 -0.0294009928536632
24 5 0.0266462860895132
24 7 -0.0255111867680239
24 9 0.0250873008785500
24 11 -0.0250863845980888
24 13 0.0253908637726576
24 15 -0.0259501120955076
24 17 0.0267471259296600
24 19 -0.0277861916279180
24 21 0.0290887502491123
24 23 -0.0306935502631647
24 25 0.0326601063921136
24 27 -0.0350759519745081
24 29 0.0380695748674308
24 31 -0.0418331991561666
24 33 0.0466642831030244
24 35 -0.0530456794273925
24 37 0.0618135171414446
24 39 -0.0745491497791675
24 41 0.0946432122362743
24 43 -0.130913607584772
24 45 0.215695671552420
24 47 -0.640014813079457
24 48 1.00000000000000
24 49 -0.633312902606425
25 1 -0.0385807662978694
25 3 0.0284416032373882
25 5 -0.0257258687469553
25 7 0.0245766952746359
25 9 -0.0241108271763649
25 11 0.0240465410466767
25 13 -0.0242672864753699
25 15 0.0247208019363397
25 17 -0.0253864689178163
25 19 0.0262629043457661
25 21 -0.0273632860490439
25 23 0.0287144691082787
25 25 -0.0303586771597702
25 27 0.0323577523504456
25 29 -0.0348008422212725
25 31 0.0378175874535690
25 33 -0.0416010562229789
25 35 0.0464493382334067
25 37 -0.0528457674732718
25 39 0.0616268458329587
25 41 -0.0743742199727114
25 43 0.0944787582245661
25 45 -0.130758551735518
25 47 0.215549089359784
25 49 -0.639875905901895
25 50 1.00000000000000
