17 35
1 1 -0.797884560802865
1 2 1.00000000000000
1 3 -0.564189583547756
1 5 0.162867503967640
1 7 -0.0892062058076386
1 9 0.0596034033761120
1 11 -0.0439792525587995
1 13 0.0344511233825375
1 15 -0.0280905588320645
1 17 0.0235720910841532
1 19 -0.0202129013489131
1 21 0.0176272993342950
1 23 -0.0155818275174025
1 25 0.0139273390571126
1 27 -0.0125643291797440
1 29 0.0114240058576427
1 31 -0.0104573719402441
1 33 0.00962863484261943
1 35 -0.00891107260430101
2 1 0.325735007935280
2 3 -0.690988298942671
2 4 1.00000000000000
2 5 -0.598413420602149
2 7 0.182091405098680
2 9 -0.102198547643328
2 11 0.0692528965958894
2 13 -0.0515702448267620
2 15 0.0406589983848392
2 17 -0.0333113049961062
2 19 0.0280564002314289
2 21 -0.0241288202745342
2 23 0.0210925805324099
2 25 -0.0186819548996952
2 27 0.0167261931797469
2 29 -0.0151108119916870
2 31 0.0137563247003482
2 33 -0.0126059053586902
2 35 0.0116179059849555
3 1 -0.218509686118416
3 3 0.257516134682126
3 5 -0.669046543557289
3 6 1.00000000000000
3 7 -0.610753139878650
3 9 0.190435749776861
3 11 -0.108397929099021
3 13 0.0741307969600372
3 15 -0.0555599515078390
3 17 0.0440146568671265
3 19 -0.0361938566085091
3 21 0.0305737533320824
3 23 -0.0263566009981115
3 25 0.0230856985072204
3 27 -0.0204814479513874
3 29 0.0183634797872995
3 31 -0.0166104416612905
3 33 0.0151378181055342
3 35 -0.0138850216154384
4 1 0.168583882836184
4 3 -0.166889529453114
4 5 0.240884286886713
4 7 -0.659688788381993
4 8 1.00000000000000
4 9 -0.617082357005358
4 11 0.195138575204209
4 13 -0.112098577001675
4 15 0.0771577797725184
4 17 -0.0581059881284756
4 19 0.0462018029426718
4 21 -0.0381039552927518
4 23 0.0322641671658076
4 25 -0.0278689812889355
4 27 0.0244511756080565
4 29 -0.0217238561024180
4 31 0.0195014429878360
4 33 -0.0176587692986935
4 35 0.0161084661466783
5 1 -0.139074607877595
5 3 0.126437912127138
5 5 -0.153297821464992
5 7 0.233235207868822
5 9 -0.654514678783600
5 10 1.00000000000000
5 11 -0.620927144090899
5 13 0.198164159898117
5 15 -0.114573457526737
5 17 0.0792394808782953
5 19 -0.0598942816336477
5 21 0.0477635928147191
5 23 -0.0394861351020212
5 25 0.0335007876120845
5 27 -0.0289854926054433
5 29 0.0254670635711330
5 31 -0.0226543470950928
5 33 0.0203586448671440
5 35 -0.0184524571478649
6 1 0.119342192152758
6 3 -0.103140489653524
6 5 0.114842936826923
6 7 -0.146771489830575
6 9 0.228820262121828
6 11 -0.651233882791557
6 12 1.00000000000000
6 13 -0.623508972874051
6 15 0.200276093365814
6 17 -0.116349896137392
6 19 0.0807655532556403
6 21 -0.0612270740454678
6 23 0.0489431183977768
6 25 -0.0405414490017960
6 27 0.0344536065949141
6 29 -0.0298524441527061
6 31 0.0262611407020985
6 33 -0.0233858818137397
6 35 0.0210359786164796
7 1 -0.105105246952602
7 3 0.0878334751963757
7 5 -0.0929695810055610
7 7 0.109117578596892
7 9 -0.142898207894381
7 11 0.225941905251250
7 13 -0.648968714596981
7 14 1.00000000000000
7 15 -0.625361901098279
7 17 0.201834685692187
7 19 -0.117688834298236
7 21 0.0819349188989436
7 23 -0.0622619711245261
7 25 0.0498690376104398
7 27 -0.0413774431197777
7 29 0.0352142635297349
7 31 -0.0305491632478923
7 33 0.0269029867321868
7 35 -0.0239801731757788
8 1 0.0942883643366128
8 3 -0.0769291636262386
8 5 0.0787358118089783
8 7 -0.0878479967266388
8 9 0.105652641171060
8 11 -0.140323254503473
8 13 0.223915479517027
8 15 -0.647311065109173
8 16 1.00000000000000
8 17 -0.626756243745903
8 19 0.203032528170905
8 21 -0.118734977843307
8 23 0.0828607665789070
8 25 -0.0630903264429406
8 27 0.0506169449451649
8 29 -0.0420579527183232
8 31 0.0358375732209661
8 33 -0.0311233823964002
8 35 0.0274346624154534
9 1 -0.0857560776676270
9 3 0.0687238645863046
9 5 -0.0686730145130556
9 7 0.0740877073983095
9 9 -0.0847033053948984
9 11 0.103315642865758
9 13 -0.138484075988930
9 15 0.222410991173016
9 17 -0.646045548619932
9 18 1.00000000000000
9 19 -0.627843419313627
9 21 0.203982022959719
9 23 -0.119575292488569
9 25 0.0836125971039459
9 27 -0.0637691420834689
9 29 0.0512345899753054
9 31 -0.0426236826218798
9 33 0.0363587480299401
9 35 -0.0316059442338158
10 1 0.0788316791424409
10 3 -0.0623003460579352
10 5 0.0611475066641648
10 7 -0.0644074398753087
10 9 0.0712017602555549
10 11 -0.0825585698009622
10 13 0.101627759192188
10 15 -0.137103342840115
10 17 0.221249568137138
10 19 -0.645047794281474
10 20 1.00000000000000
10 21 -0.628714819343417
10 23 0.204753224284902
10 25 -0.120265288362839
10 27 0.0842355840892829
10 29 -0.0643359900496595
10 31 0.0517537930024467
10 33 -0.0431019952858045
10 35 0.0368016236511537
11 1 -0.0730852493544752
11 3 0.0571189780993917
11 5 -0.0552860726690191
11 7 0.0571982549981952
11 9 -0.0617354634590125
11 11 0.0692160218229681
11 13 -0.0809958057142225
11 15 0.100349371709367
11 17 -0.136028005901465
11 19 0.220325766323103
11 21 -0.644240979964118
11 22 1.00000000000000
11 23 -0.629428862525662
11 25 0.205392081451324
11 27 -0.120842103606662
11 29 0.0847604214666164
11 31 -0.0648167139702788
11 33 0.0521966573355218
11 35 -0.0435120491147016
12 1 0.0682297483293215
12 3 -0.0528405479815828
12 5 0.0505782313126719
12 7 -0.0516033260749633
12 9 0.0547065570873058
12 11 -0.0598836888491238
12 13 0.0677586792014329
12 15 -0.0798036519532965
12 17 0.0993465691012448
12 19 -0.135166515247699
12 21 0.219573371070635
12 23 -0.643575097636349
12 24 1.00000000000000
12 25 -0.630024630631138
12 27 0.205929992668735
12 29 -0.121331543048509
12 31 0.0852087230070191
12 33 -0.0652297096005878
12 35 0.0525790555417618
13 1 -0.0640657596627177
13 3 0.0492405794558427
13 5 -0.0467048872492379
13 7 0.0471234847486845
13 9 -0.0492658641354183
13 11 0.0529693961318701
13 13 -0.0585165412363110
13 15 0.0666403046237177
13 17 -0.0788629080536757
13 19 0.0985383906746981
13 21 -0.134460680056461
13 23 0.218948694495961
13 25 -0.643016196013222
13 26 1.00000000000000
13 27 -0.630529255966850
13 29 0.206389145953734
13 31 -0.121752104250785
13 33 0.0855961631739456
13 35 -0.0655884458140045
14 1 0.0604501569509354
14 3 -0.0461642931761014
14 5 0.0434559246068004
14 7 -0.0434477122048360
14 9 0.0449196778881936
14 11 -0.0476280244212015
14 13 0.0516804098923711
14 15 -0.0574621027762285
14 17 0.0657533402767068
14 19 -0.0781009297197700
14 21 0.0978729043007542
14 23 -0.133871712354208
14 25 0.218421741398637
14 27 -0.642540416298790
14 28 1.00000000000000
14 29 -0.630962163162352
14 31 0.206785667252914
14 33 -0.122117397913668
14 35 0.0859343937562172
15 1 -0.0572773850389327
15 3 0.0435013182859335
15 5 -0.0406871064724294
15 7 0.0403718224901522
15 9 -0.0413609897651131
15 11 0.0433688465158433
15 13 -0.0464075103789091
15 15 0.0506819820916291
15 17 -0.0566222517097102
15 19 0.0650318354039826
15 21 -0.0774707909003215
15 23 0.0973152193947714
15 25 -0.133372747843752
15 27 0.217971231998968
15 29 -0.642130502115889
15 30 1.00000000000000
15 31 -0.631337624167410
15 33 0.207131559327254
15 35 -0.122437664390516
16 1 0.0544677839262821
16 3 -0.0411707144994762
16 5 0.0382959872150585
16 7 -0.0377560369073105
16 9 0.0383886289102033
16 11 -0.0398870940423755
16 13 0.0422088782527226
16 15 -0.0454586096116469
16 17 0.0498837907575016
16 19 -0.0559365354306771
16 21 0.0644329526695553
16 23 -0.0769407678634123
16 25 0.0968410038781555
16 27 -0.132944583824400
16 29 0.217581649503470
16 31 -0.641773663798743
16 32 1.00000000000000
16 33 -0.631666360260589
16 35 0.207435940915892
17 1 -0.0519600356871530
17 3 0.0391116996228281
17 5 -0.0362077065246626
17 7 0.0355013303057689
17 9 -0.0358651299902981
17 11 0.0369833150045722
17 13 -0.0387810976838852
17 15 0.0413041272053180
17 17 -0.0446975549870700
17 19 0.0492299775566192
17 21 -0.0553655154050687
17 23 0.0639275883754645
17 25 -0.0764886144798256
17 27 0.0964327593462296
17 29 -0.132573125753267
17 31 0.217241412157705
17 33 -0.641460221209205
17 34 1.00000000000000
17 35 -0.631956581438438
