42 84
1 1 -0.797884560802865
1 2 1.00000000000000
1 3 -0.564189583547756
1 5 0.162867503967640
1 7 -0.0892062058076386
1 9 0.0596034033761120
1 11 -0.0439792525587995
1 13 0.0344511233825375
1 15 -0.0280905588320645
1 17 0.0235720910841532
1 19 -0.0202129013489131
1 21 0.0176272993342950
1 23 -0.0155818275174025
1 25 0.0139273390571126
1 27 -0.0125643291797440
1 29 0.0114240058576427
1 31 -0.0104573719402441
1 33 0.00962863484261943
1 35 -0.00891107260430101
1 37 0.00828435401829170
1 39 -0.00773275113661403
1 41 0.00724391688001674
1 43 -0.00680803048628412
1 45 0.00641718829294260
1 47 -0.00606496173807423
1 49 0.00574607157627842
1 51 -0.00545614429451937
1 53 0.00519152760239905
1 55 -0.00494914899826355
1 57 0.00472640616545770
1 59 -0.00452108117779681
1 61 0.00433127271609232
1 63 -0.00415534205213323
1 65 0.00399186965847353
1 67 -0.00383962009328006
1 69 0.00369751338376504
1 71 -0.00356460155322429
1 73 0.00344004924920444
1 75 -0.00332311766421162
1 77 0.00321315111698537
1 79 -0.00310956579683611
1 81 0.00301184027674378
1 83 -0.00291950748070064
2 1 0.325735007935280
2 3 -0.690988298942671
2 4 1.00000000000000
2 5 -0.598413420602149
2 7 0.182091405098680
2 9 -0.102198547643328
2 11 0.0692528965958894
2 13 -0.0515702448267620
2 15 0.0406589983848392
2 17 -0.0333113049961062
2 19 0.0280564002314289
2 21 -0.0241288202745342
2 23 0.0210925805324099
2 25 -0.0186819548996952
2 27 0.0167261931797469
2 29 -0.0151108119916870
2 31 0.0137563247003482
2 33 -0.0126059053586902
2 35 0.0116179059849555
2 37 -0.0107611425267978
2 39 0.0100118271418193
2 41 -0.00935151491502463
2 43 0.00876569531580812
2 45 -0.00824280471641538
2 47 0.00777352058779462
2 49 -0.00735024821341580
2 51 0.00696674153982912
2 53 -0.00661781912432717
2 55 0.00629914857311635
2 57 -0.00600708102111670
2 59 0.00573852265785720
2 61 -0.00549083401214580
2 63 0.00526175026950689
2 65 -0.00504931769119978
2 67 0.00485184247820469
2 69 -0.00466784933993470
2 71 0.00449604769387687
2 73 -0.00433530391226277
2 75 0.00418461839560564
2 77 -0.00404310652554862
2 79 0.00390998275558118
2 81 -0.00378454725531185
2 83 0.00366617464471110
3 1 -0.218509686118416
3 3 0.257516134682126
3 5 -0.669046543557289
3 6 1.00000000000000
3 7 -0.610753139878650
3 9 0.190435749776861
3 11 -0.108397929099021
3 13 0.0741307969600372
3 15 -0.0555599515078390
3 17 0.0440146568671265
3 19 -0.0361938566085091
3 21 0.0305737533320824
3 23 -0.0263566009981115
3 25 0.0230856985072204
3 27 -0.0204814479513874
3 29 0.0183634797872995
3 31 -0.0166104416612905
3 33 0.0151378181055342
3 35 -0.0138850216154384
3 37 0.0128075374964671
3 39 -0.0118719607936816
3 41 0.0110527578939448
3 43 -0.0103300936925911
3 45 0.00968833767330240
3 47 -0.00911501438693322
3 49 0.00860005185524691
3 51 -0.00813523400269206
3 53 0.00771379550866905
3 55 -0.00733011780513068
3 57 0.00697949803928418
3 59 -0.00665797142864652
3 61 0.00636217319951434
3 63 -0.00608923022553921
3 65 0.00583667519871538
3 67 -0.00560237807078167
3 69 0.00538449085820158
3 71 -0.00518140287946554
3 73 0.00499170420384241
3 75 -0.00481415561351734
3 77 0.00464766376966323
3 79 -0.00449126056455384
3 81 0.00434408586249461
3 83 -0.00420537300073930
4 1 0.168583882836184
4 3 -0.166889529453114
4 5 0.240884286886713
4 7 -0.659688788381993
4 8 1.00000000000000
4 9 -0.617082357005358
4 11 0.195138575204209
4 13 -0.112098577001675
4 15 0.0771577797725184
4 17 -0.0581059881284756
4 19 0.0462018029426718
4 21 -0.0381039552927518
4 23 0.0322641671658076
4 25 -0.0278689812889355
4 27 0.0244511756080565
4 29 -0.0217238561024180
4 31 0.0195014429878360
4 33 -0.0176587692986935
4 35 0.0161084661466783
4 37 -0.0147877713476547
4 39 0.0136504853925913
4 41 -0.0126618789240040
4 43 0.0117953636601992
4 45 -0.0110302548023075
4 47 0.0103502300549693
4 49 -0.00974224536938544
4 51 0.00919575734168336
4 53 -0.00870215592272105
4 55 0.00825434413619820
4 57 -0.00784642233632650
4 59 0.00747344797236180
4 61 -0.00713125067025999
4 63 0.00681628837043561
4 65 -0.00652553430327032
4 67 0.00625638738373484
4 69 -0.00600660057331141
4 71 0.00577422315747883
4 73 -0.00555755389593101
4 75 0.00535510273805061
4 77 -0.00516555933783726
4 79 0.00498776700547807
4 81 -0.00482070103535052
4 83 0.00466345057945891
5 1 -0.139074607877595
5 3 0.126437912127138
5 5 -0.153297821464992
5 7 0.233235207868822
5 9 -0.654514678783600
5 10 1.00000000000000
5 11 -0.620927144090899
5 13 0.198164159898117
5 15 -0.114573457526737
5 17 0.0792394808782953
5 19 -0.0598942816336477
5 21 0.0477635928147191
5 23 -0.0394861351020212
5 25 0.0335007876120845
5 27 -0.0289854926054433
5 29 0.0254670635711330
5 31 -0.0226543470950928
5 33 0.0203586448671440
5 35 -0.0184524571478649
5 37 0.0168466371421289
5 39 -0.0154770452283758
5 41 0.0142963991052080
5 43 -0.0132691071397313
5 45 0.0123678863507273
5 47 -0.0115714863441760
5 49 0.0108631199366040
5 51 -0.0102293576378547
5 53 0.00965933392588754
5 55 -0.00914416758362662
5 57 0.00867653181898190
5 59 -0.00825033100240396
5 61 0.00786045448488069
5 63 -0.00750258693705258
5 65 0.00717306067451861
5 67 -0.00686873954582534
5 69 0.00658692680932164
5 71 -0.00632529142860182
5 73 0.00608180864358249
5 75 -0.00585471170357902
5 77 0.00564245239952304
5 79 -0.00544366858589558
5 81 0.00525715729496543
5 83 -0.00508185235550918
6 1 0.119342192152758
6 3 -0.103140489653524
6 5 0.114842936826923
6 7 -0.146771489830575
6 9 0.228820262121828
6 11 -0.651233882791557
6 12 1.00000000000000
6 13 -0.623508972874051
6 15 0.200276093365814
6 17 -0.116349896137392
6 19 0.0807655532556403
6 21 -0.0612270740454678
6 23 0.0489431183977768
6 25 -0.0405414490017960
6 27 0.0344536065949141
6 29 -0.0298524441527061
6 31 0.0262611407020985
6 33 -0.0233858818137397
6 35 0.0210359786164796
6 37 -0.0190824142643028
6 39 0.0174348665700910
6 41 -0.0160282719391012
6 43 0.0148146122642077
6 45 -0.0137577031007030
6 47 0.0128297788222092
6 49 -0.0120091923249056
6 51 0.0112788275094573
6 53 -0.0106249800054327
6 55 0.0100365528881075
6 57 -0.00950446882509710
6 59 0.00902123377929863
6 61 -0.00858060867211148
6 63 0.00817735915448170
6 65 -0.00780706269272276
6 67 0.00746595825912650
6 69 -0.00715082807143996
6 71 0.00685890370630367
6 73 -0.00658779093853808
6 75 0.00633540910290375
6 77 -0.00609994181744478
6 79 0.00587979666833029
6 81 -0.00567357201724525
6 83 0.00548002951035664
7 1 -0.105105246952602
7 3 0.0878334751963757
7 5 -0.0929695810055610
7 7 0.109117578596892
7 9 -0.142898207894381
7 11 0.225941905251250
7 13 -0.648968714596981
7 14 1.00000000000000
7 15 -0.625361901098279
7 17 0.201834685692187
7 19 -0.117688834298236
7 21 0.0819349188989436
7 23 -0.0622619711245261
7 25 0.0498690376104398
7 27 -0.0413774431197777
7 29 0.0352142635297349
7 31 -0.0305491632478923
7 33 0.0269029867321868
7 35 -0.0239801731757788
7 37 0.0215887026965906
7 39 -0.0195985272298610
7 41 0.0179185139453499
7 43 -0.0164829536899299
7 45 0.0152433082514668
7 47 -0.0141629697336397
7 49 0.0132138244531545
7 51 -0.0123739367279857
7 53 0.0116259492886537
7 55 -0.0109559547397284
7 57 0.0103526840910299
7 59 -0.00980691327428069
7 61 0.00931102239410082
7 63 -0.00885866384063972
7 65 0.00844450920633822
7 67 -0.00806405406018995
7 69 0.00771346575334217
7 71 -0.00738946361142501
7 73 0.00708922377041605
7 75 -0.00681030295491842
7 77 0.00655057695401801
7 79 -0.00630819060116851
7 81 0.00608151683211725
7 83 -0.00586912296124937
8 1 0.0942883643366128
8 3 -0.0769291636262386
8 5 0.0787358118089783
8 7 -0.0878479967266388
8 9 0.105652641171060
8 11 -0.140323254503473
8 13 0.223915479517027
8 15 -0.647311065109173
8 16 1.00000000000000
8 17 -0.626756243745903
8 19 0.203032528170905
8 21 -0.118734977843307
8 23 0.0828607665789070
8 25 -0.0630903264429406
8 27 0.0506169449451649
8 29 -0.0420579527183232
8 31 0.0358375732209661
8 33 -0.0311233823964002
8 35 0.0274346624154534
8 37 -0.0244746617600977
8 39 0.0220504380247181
8 41 -0.0200312179442163
8 43 0.0183252911706673
8 45 -0.0168664832626587
8 47 0.0156058771852919
8 49 -0.0145065536673236
8 51 0.0135401408601507
8 53 -0.0126844873277702
8 55 0.0119220541715234
8 57 -0.0112387800633938
8 59 0.0106232647406418
8 61 -0.0100661715397472
8 63 0.00955978347104137
8 65 -0.00909766877788823
8 67 0.00867442578551276
8 69 -0.00828548598891930
8 71 0.00792696047440103
8 73 -0.00759551896893896
8 75 0.00728829372687653
8 77 -0.00700280251565762
8 79 0.00673688642657570
8 81 -0.00648865929381071
8 83 0.00625646627727198
9 1 -0.0857560776676270
9 3 0.0687238645863046
9 5 -0.0686730145130556
9 7 0.0740877073983095
9 9 -0.0847033053948984
9 11 0.103315642865758
9 13 -0.138484075988930
9 15 0.222410991173016
9 17 -0.646045548619932
9 18 1.00000000000000
9 19 -0.627843419313627
9 21 0.203982022959719
9 23 -0.119575292488569
9 25 0.0836125971039459
9 27 -0.0637691420834689
9 29 0.0512345899753054
9 31 -0.0426236826218798
9 33 0.0363587480299401
9 35 -0.0316059442338158
9 37 0.0278834727283041
9 39 -0.0248937447207395
9 41 0.0224431596178727
9 43 -0.0204004200015522
9 45 0.0186733932288423
9 47 -0.0171955610385917
9 49 0.0159177237913242
9 51 -0.0148027279039772
9 53 0.0138220057085043
9 55 -0.0129532409210645
9 57 0.0121787549325820
9 59 -0.0114843672708923
9 61 0.0108585754806883
9 63 -0.0102919547746081
9 65 0.00977671179036031
9 67 -0.00930634827304989
9 69 0.00887540439348109
9 71 -0.00847926057987191
9 73 0.00811398290203691
9 75 -0.00777620125929769
9 77 0.00746301254784425
9 79 -0.00717190304281711
9 81 0.00690068570002687
9 83 -0.00664744914380226
10 1 0.0788316791424409
10 3 -0.0623003460579352
10 5 0.0611475066641648
10 7 -0.0644074398753087
10 9 0.0712017602555549
10 11 -0.0825585698009622
10 13 0.101627759192188
10 15 -0.137103342840115
10 17 0.221249568137138
10 19 -0.645047794281474
10 20 1.00000000000000
10 21 -0.628714819343417
10 23 0.204753224284902
10 25 -0.120265288362839
10 27 0.0842355840892829
10 29 -0.0643359900496595
10 31 0.0517537930024467
10 33 -0.0431019952858045
10 35 0.0368016236511537
10 37 -0.0320178443629164
10 39 0.0282680905210534
10 41 -0.0252541692908214
10 43 0.0227819990442059
10 45 -0.0207198948065079
10 47 0.0189754083975362
10 49 -0.0174817621981239
10 51 0.0161895415307675
10 53 -0.0150614131002613
10 55 0.0140686579502509
10 57 -0.0131888315781996
10 59 0.0124041460308419
10 61 -0.0117003270490015
10 63 0.0110657913018345
10 65 -0.0104910439110518
10 67 0.00996823048558102
10 69 -0.00949079939926717
10 71 0.00905324395630529
10 73 -0.00865090327095658
10 75 0.00827980686110612
10 77 -0.00793655217602805
10 79 0.00761820720974501
10 81 -0.00732223241595083
10 83 0.00704641761400826
11 1 -0.0730852493544752
11 3 0.0571189780993917
11 5 -0.0552860726690191
11 7 0.0571982549981952
11 9 -0.0617354634590125
11 11 0.0692160218229681
11 13 -0.0809958057142225
11 15 0.100349371709367
11 17 -0.136028005901465
11 19 0.220325766323103
11 21 -0.644240979964118
11 22 1.00000000000000
11 23 -0.629428862525662
11 25 0.205392081451324
11 27 -0.120842103606662
11 29 0.0847604214666164
11 31 -0.0648167139702788
11 33 0.0521966573355218
11 35 -0.0435120491147016
11 37 0.0371829978128156
11 39 -0.0323739582618915
11 41 0.0286018042974915
11 43 -0.0255678977085271
11 45 0.0230777980389292
11 47 -0.0209995281662612
11 49 0.0192403997772048
11 51 -0.0177334361540215
11 53 0.0164290562278618
11 55 -0.0152897866290217
11 57 0.0142867896861907
11 59 -0.0133975196572989
11 61 0.0126041017535551
11 63 -0.0118921868346832
11 65 0.0112501266739606
11 67 -0.0106683698876575
11 69 0.0101390126691927
11 71 -0.00965545999942155
11 73 0.00921216693063580
11 75 -0.00880443873425941
11 77 0.00842827488319282
11 79 -0.00808024606664035
11 81 0.00775739637093704
11 83 -0.00745716482808096
12 1 0.0682297483293215
12 3 -0.0528405479815828
12 5 0.0505782313126719
12 7 -0.0516033260749633
12 9 0.0547065570873058
12 11 -0.0598836888491238
12 13 0.0677586792014329
12 15 -0.0798036519532965
12 17 0.0993465691012448
12 19 -0.135166515247699
12 21 0.219573371070635
12 23 -0.643575097636349
12 24 1.00000000000000
12 25 -0.630024630631138
12 27 0.205929992668735
12 29 -0.121331543048509
12 31 0.0852087230070191
12 33 -0.0652297096005878
12 35 0.0525790555417618
12 37 -0.0438677020840510
12 39 0.0375150942942534
12 41 -0.0326851654679604
12 43 0.0288943741089159
12 45 -0.0258437473836655
12 47 0.0233385723957008
12 49 -0.0212466480878066
12 51 0.0194751004782603
12 53 -0.0179567976817557
12 55 0.0166420280034448
12 57 -0.0154932073663164
12 59 0.0144814036883496
12 61 -0.0135839902491416
12 63 0.0127830224296104
12 65 -0.0120640905708648
12 67 0.0114154937520394
12 69 -0.0108276345069559
12 71 0.0102925685628693
12 73 -0.00980366522878017
12 75 0.00935534799679317
12 77 -0.00894289411982782
12 79 0.00856227811562485
12 81 -0.00821004837821670
12 83 0.00788322901707808
13 1 -0.0640657596627177
13 3 0.0492405794558427
13 5 -0.0467048872492379
13 7 0.0471234847486845
13 9 -0.0492658641354183
13 11 0.0529693961318701
13 13 -0.0585165412363110
13 15 0.0666403046237177
13 17 -0.0788629080536757
13 19 0.0985383906746981
13 21 -0.134460680056461
13 23 0.218948694495961
13 25 -0.643016196013222
13 26 1.00000000000000
13 27 -0.630529255966850
13 29 0.206389145953734
13 31 -0.121752104250785
13 33 0.0855961631739456
13 35 -0.0655884458140045
13 37 0.0529127015843396
13 39 -0.0441792493621718
13 41 0.0378070449564994
13 43 -0.0329596320361436
13 45 0.0291531551920775
13 47 -0.0260883860113661
13 49 0.0235704015215607
13 51 -0.0214668264875267
13 53 0.0196846413627485
13 55 -0.0181565917198276
13 57 0.0168328620077683
13 59 -0.0156757795814396
13 61 0.0146563363917803
13 63 -0.0137518402094688
13 65 0.0129442896419120
13 67 -0.0122192255969544
13 69 0.0115649039229915
13 71 -0.0109716891918252
13 73 0.0104316036663057
13 75 -0.00993798704824756
13 77 0.00948523654507888
13 79 -0.00906860599881601
13 81 0.00868404901167531
13 83 -0.00832809523701217
14 1 0.0604501569509354
14 3 -0.0461642931761014
14 5 0.0434559246068004
14 7 -0.0434477122048360
14 9 0.0449196778881936
14 11 -0.0476280244212015
14 13 0.0516804098923711
14 15 -0.0574621027762285
14 17 0.0657533402767068
14 19 -0.0781009297197700
14 21 0.0978729043007542
14 23 -0.133871712354208
14 25 0.218421741398637
14 27 -0.642540416298790
14 28 1.00000000000000
14 29 -0.630962163162352
14 31 0.206785667252914
14 33 -0.122117397913668
14 35 0.0859343937562172
14 37 -0.0659030205003435
14 39 0.0532064407664412
14 41 -0.0444545121459287
14 43 0.0380658230965495
14 45 -0.0332036213209417
14 47 0.0293838104420501
14 49 -0.0263069639808810
14 51 0.0237779947445805
14 53 -0.0216643902548814
14 55 0.0198730154286107
14 57 -0.0183365179193779
14 59 0.0170049986712127
14 61 -0.0158407134146964
14 63 0.0148145923367250
14 65 -0.0139038896799549
14 67 0.0130905574443922
14 69 -0.0123600957784234
14 71 0.0117007247385090
14 73 -0.0111027773450171
14 75 0.0105582479460798
14 77 -0.0100604514613686
14 79 0.00960376302566047
14 81 -0.00918341676104997
14 83 0.00879534860035351
15 1 -0.0572773850389327
15 3 0.0435013182859335
15 5 -0.0406871064724294
15 7 0.0403718224901522
15 9 -0.0413609897651131
15 11 0.0433688465158433
15 13 -0.0464075103789091
15 15 0.0506819820916291
15 17 -0.0566222517097102
15 19 0.0650318354039826
15 21 -0.0774707909003215
15 23 0.0973152193947714
15 25 -0.133372747843752
15 27 0.217971231998968
15 29 -0.642130502115889
15 30 1.00000000000000
15 31 -0.631337624167410
15 33 0.207131559327254
15 35 -0.122437664390516
15 37 0.0862322608322223
15 39 -0.0661811587512815
15 41 0.0534670839867032
15 43 -0.0446995462927975
15 45 0.0382968538830046
15 47 -0.0334220262921329
15 49 0.0295907795982059
15 51 -0.0265035318250180
15 53 0.0239650658267106
15 55 -0.0218427597254241
15 57 0.0200433857202051
15 59 -0.0184995123952329
15 61 0.0171611728747004
15 63 -0.0159905644058334
15 65 0.0149585664907080
15 67 -0.0140423892401723
15 69 0.0132239460597377
15 71 -0.0124887032069569
15 73 0.0118248508627145
15 75 -0.0112226956153482
15 77 0.0106742083471425
15 79 -0.0101726830774955
15 81 0.00971247626867210
15 83 -0.00928880531186175
16 1 0.0544677839262821
16 3 -0.0411707144994762
16 5 0.0382959872150585
16 7 -0.0377560369073105
16 9 0.0383886289102033
16 11 -0.0398870940423755
16 13 0.0422088782527226
16 15 -0.0454586096116469
16 17 0.0498837907575016
16 19 -0.0559365354306771
16 21 0.0644329526695553
16 23 -0.0769407678634123
16 25 0.0968410038781555
16 27 -0.132944583824400
16 29 0.217581649503470
16 31 -0.641773663798743
16 32 1.00000000000000
16 33 -0.631666360260589
16 35 0.207435940915892
16 37 -0.122720757634075
16 39 0.0864966038327678
16 41 -0.0664288744972003
16 43 0.0536999648844313
16 45 -0.0449191184063792
16 47 0.0385044264271156
16 49 -0.0336187302397613
16 51 0.0297775981385533
16 53 -0.0266813246405344
16 55 0.0241345886269230
16 57 -0.0220046801012300
16 59 0.0201982961151872
16 61 -0.0186479407972131
16 63 0.0173035916890861
16 65 -0.0161273978673103
16 67 0.0150901968911943
16 69 -0.0141691621914597
16 71 0.0133461749638334
16 73 -0.0126066730721712
16 75 0.0119388215763954
16 77 -0.0113329047629328
16 79 0.0107808736504717
16 81 -0.0102760045120731
16 83 0.00981263790896329
17 1 -0.0519600356871530
17 3 0.0391116996228281
17 5 -0.0362077065246626
17 7 0.0355013303057689
17 9 -0.0358651299902981
17 11 0.0369833150045722
17 13 -0.0387810976838852
17 15 0.0413041272053180
17 17 -0.0446975549870700
17 19 0.0492299775566192
17 21 -0.0553655154050687
17 23 0.0639275883754645
17 25 -0.0764886144798256
17 27 0.0964327593462296
17 29 -0.132573125753267
17 31 0.217241412157705
17 33 -0.641460221209205
17 34 1.00000000000000
17 35 -0.631956581438438
17 37 0.207705864180261
17 39 -0.122972802996398
17 41 0.0867327955058567
17 43 -0.0666509214935547
17 45 0.0539093222666544
17 47 -0.0451170344772645
17 49 0.0386919795409133
17 51 -0.0337968578428900
17 53 0.0299471199170492
17 55 -0.0268429611449994
17 57 0.0242889763891469
17 59 -0.0221523840019786
17 61 0.0203398195783063
17 63 -0.0187837342501230
17 65 0.0174340596296323
17 67 -0.0162529048019520
17 69 0.0152110723527949
17 71 -0.0142857050016411
17 73 0.0134586568715172
17 75 -0.0127153418740473
17 77 0.0120439038048158
17 79 -0.0114346080107837
17 81 0.0108793885899267
17 83 -0.0103715066540394
18 1 0.0497061241097502
18 3 -0.0372776912078078
18 5 0.0343662293597736
18 7 -0.0335355132263835
18 9 0.0336932742842578
18 11 -0.0345213862957191
18 13 0.0359257728661409
18 15 -0.0379159829603672
18 17 0.0405764129180567
18 19 -0.0440723835688313
18 21 0.0486839720121728
18 23 -0.0548822891765173
18 25 0.0634952419012075
18 27 -0.0760982532525655
18 29 0.0960775730220675
18 31 -0.132247792438937
18 33 0.216941699788514
18 35 -0.641182712988902
18 36 1.00000000000000
18 37 -0.632214680931101
18 39 0.207946868938393
18 41 -0.123198648554883
18 43 0.0869451160083936
18 45 -0.0668511082595335
18 47 0.0540985689137506
18 49 -0.0452963721199473
18 51 0.0388623045588523
18 53 -0.0339589540142998
18 55 0.0301016762276732
18 57 -0.0269905862424743
18 59 0.0244302104089634
18 61 -0.0222877083149883
18 63 0.0204696648805711
18 65 -0.0189084873201755
18 67 0.0175540690065218
18 69 -0.0163684855832139
18 71 0.0153225102700796
18 73 -0.0143932598998588
18 75 0.0135625656926059
18 77 -0.0128158212271169
18 79 0.0121411521891740
18 81 -0.0115288077462530
18 83 0.0109707074992149
19 1 -0.0476678793880178
19 3 0.0356323539463384
19 5 -0.0327287372726021
19 7 0.0318046684695980
19 9 -0.0318023047767948
19 11 0.0324051535576467
19 13 -0.0335076182428655
19 15 0.0350964661555485
19 17 -0.0372183888740113
19 19 0.0399771169972641
19 21 -0.0435489765855488
19 23 0.0482207457593204
19 25 -0.0544678366817660
19 27 0.0631210368417068
19 29 -0.0757577671900808
19 31 0.0957657043526452
19 33 -0.131960484273278
19 35 0.216675676757992
19 37 -0.640935295378691
19 38 1.00000000000000
19 39 -0.632445711335645
19 41 0.208163367559173
19 43 -0.123402181897934
19 45 0.0871370178064287
19 47 -0.0670325227267501
19 49 0.0542704844873573
19 51 -0.0454596480791586
19 53 0.0390176922420795
19 55 -0.0341071138909836
19 57 0.0302431917543563
19 59 -0.0271259751992675
19 61 0.0245599342435919
19 63 -0.0224121798977938
19 65 0.0205892549820846
19 67 -0.0190235300541457
19 69 0.0176648664292952
19 71 -0.0164753116006730
19 73 0.0154256139727861
19 75 -0.0144928684233241
19 77 0.0136588866810581
19 79 -0.0129090449645167
19 81 0.0122314534496371
19 83 -0.0116163474067891
20 1 0.0458145530435872
20 3 -0.0341469044387000
20 5 0.0312619202304860
20 7 -0.0302676798757954
20 9 0.0301394556741670
20 11 -0.0305647153283757
20 13 0.0314311526996680
20 15 -0.0327108419265415
20 17 0.0344262353320430
20 19 -0.0366426000734971
20 21 0.0394742401614980
20 23 -0.0431039197585667
20 25 0.0478225494651678
20 27 -0.0541083090782501
20 29 0.0627939055909659
20 31 -0.0754581308127959
20 33 0.0954896651000627
20 35 -0.131704895258842
20 37 0.216437963382246
20 39 -0.640713326438570
20 40 1.00000000000000
20 41 -0.632653718481981
20 43 0.208358917971069
20 45 -0.123586556992384
20 47 0.0873113169160643
20 49 -0.0671976955177583
20 51 0.0544273565342744
20 53 -0.0456089412497692
20 55 0.0391600410995733
20 57 -0.0342430790065004
20 59 0.0303732705987631
20 61 -0.0272506111206739
20 63 0.0246795239181549
20 65 -0.0225270795532034
20 67 0.0206997856270859
20 69 -0.0191299818975076
20 71 0.0177675026334977
20 73 -0.0165743714862295
20 75 0.0155213157663203
20 77 -0.0145854116246965
20 79 0.0137484541107934
20 81 -0.0129958045416450
20 83 0.0123155597411739
21 1 -0.0441210802484630
21 3 0.0327982286286032
21 5 -0.0299394559045545
21 7 0.0288926222980553
21 9 -0.0286645475573302
21 11 0.0289480018695438
21 13 -0.0296270225125432
21 15 0.0306640771941903
21 17 -0.0320655942809778
21 19 0.0338719090094218
21 21 -0.0361584677007670
21 23 0.0390457724239083
21 25 -0.0427205657482367
21 27 0.0474764227242782
21 29 -0.0537933710916906
21 31 0.0625054375959105
21 33 -0.0751923803581429
21 35 0.0952436026054014
21 37 -0.131476042096791
21 39 0.216224267792822
21 41 -0.640513072229447
21 42 1.00000000000000
21 43 -0.632841980268170
21 45 0.208536420986056
21 47 -0.123754359591044
21 49 0.0874703333658546
21 51 -0.0673487206201454
21 53 0.0545710852497384
21 55 -0.0457459844885359
21 57 0.0392909385379101
21 59 -0.0343683095724849
21 61 0.0304932611151498
21 63 -0.0273657434779614
21 65 0.0247901410660850
21 67 -0.0226334905353492
21 69 0.0208022698351000
21 71 -0.0192287926848894
21 73 0.0178628704004736
21 75 -0.0166665063253945
21 77 0.0156104097415301
21 79 -0.0146716407421768
21 81 0.0138319800307128
21 83 -0.0130767760698384
22 1 0.0425668115535038
22 3 -0.0315675387177515
22 5 0.0287402540780869
22 7 -0.0276543123068884
22 9 0.0273464256500803
22 11 -0.0275154062014059
22 13 0.0280436084090015
22 15 -0.0288871867057351
22 17 0.0300417425728963
22 19 -0.0315309520403792
22 21 0.0334049679384359
22 23 -0.0357452144979190
22 25 0.0386760308908489
22 27 -0.0423867295044612
22 29 0.0471726677009827
22 31 -0.0535151461013994
22 33 0.0622491234449664
22 35 -0.0749550550517206
22 37 0.0950228755355578
22 39 -0.131269934363704
22 41 0.216031124147495
22 43 -0.640331495167760
22 44 1.00000000000000
22 45 -0.633013180590595
22 47 0.208698265341800
22 49 -0.123907729781997
22 51 0.0876159959702803
22 53 -0.0674873459207574
22 55 0.0547032624636741
22 57 -0.0458722341285246
22 59 0.0394117225256775
22 61 -0.0344840395747006
22 63 0.0306043054617715
22 65 -0.0274724329409707
22 67 0.0248927737152936
22 69 -0.0227323358415763
22 71 0.0208975721556136
22 73 -0.0193207742387413
22 75 0.0179517338201937
22 77 -0.0167524368549597
22 79 0.0156935771374796
22 81 -0.0147522009244071
22 83 0.0139100765212307
23 1 -0.0411345718426484
23 3 0.0304393967697997
23 5 -0.0276472075067410
23 7 0.0265326054419742
23 9 -0.0261605462604766
23 11 0.0262362489226315
23 13 -0.0266416774955444
23 15 0.0273288571845843
23 17 -0.0282859523375005
23 19 0.0295252271235538
23 21 -0.0310798422097618
23 23 0.0330057256084264
23 25 -0.0353880085312468
23 27 0.0383535128239708
23 29 -0.0420932727476825
23 31 0.0469038753836429
23 33 -0.0532675217441067
23 35 0.0620198441265209
23 37 -0.0747418112197573
23 39 0.0948237553859658
23 41 -0.131083338769218
23 43 0.215855702986493
23 45 -0.640166098937398
23 46 1.00000000000000
23 47 -0.633169538053913
23 49 0.208846435942887
23 51 -0.124048454108760
23 53 0.0877499215800117
23 55 -0.0676150420537161
23 57 0.0548252319851357
23 59 -0.0459889232992810
23 61 0.0395235290553482
23 63 -0.0345913193055069
23 65 0.0307073779513417
23 67 -0.0275715861535092
23 69 0.0249882679856396
23 71 -0.0228244072424712
23 73 0.0209864353721577
23 75 -0.0194066250335737
23 77 0.0180347511569397
23 79 -0.0168327847348898
23 81 0.0157714061943351
23 83 -0.0148276498143734
24 1 0.0398099516561664
24 3 -0.0294009928536632
24 5 0.0266462860895132
24 7 -0.0255111867680239
24 9 0.0250873008785500
24 11 -0.0250863845980888
24 13 0.0253908637726576
24 15 -0.0259501120955076
24 17 0.0267471259296600
24 19 -0.0277861916279180
24 21 0.0290887502491123
24 23 -0.0306935502631647
24 25 0.0326601063921136
24 27 -0.0350759519745081
24 29 0.0380695748674308
24 31 -0.0418331991561666
24 33 0.0466642831030244
24 35 -0.0530456794273925
24 37 0.0618135171414446
24 39 -0.0745491497791675
24 41 0.0946432122362743
24 43 -0.130913607584772
24 45 0.215695671552420
24 47 -0.640014813079457
24 48 1.00000000000000
24 49 -0.633312902606425
24 51 0.208982595754771
24 53 -0.124178035732004
24 55 0.0878734757900669
24 57 -0.0677330554041530
24 59 0.0549381362611966
24 61 -0.0460971033099486
24 63 0.0396273291003052
24 65 -0.0346910485768413
24 67 0.0308033150725411
24 69 -0.0276639830149308
24 71 0.0250773530025488
24 73 -0.0229103881362557
24 75 0.0210695015555415
24 77 -0.0194869496651837
24 79 0.0181124929183871
24 81 -0.0169080893738631
24 83 0.0158444078694852
25 1 -0.0385807662978694
25 3 0.0284416032373882
25 5 -0.0257258687469553
25 7 0.0245766952746359
25 9 -0.0241108271763649
25 11 0.0240465410466767
25 13 -0.0242672864753699
25 15 0.0247208019363397
25 17 -0.0253864689178163
25 19 0.0262629043457661
25 21 -0.0273632860490439
25 23 0.0287144691082787
25 25 -0.0303586771597702
25 27 0.0323577523504456
25 29 -0.0348008422212725
25 31 0.0378175874535690
25 33 -0.0416010562229789
25 35 0.0464493382334067
25 37 -0.0528457674732718
25 39 0.0616268458329587
25 41 -0.0743742199727114
25 43 0.0944787582245661
25 45 -0.130758551735518
25 47 0.215549089359784
25 49 -0.639875905901895
25 50 1.00000000000000
25 51 -0.633444829053561
25 53 0.209108148542159
25 55 -0.124297748509957
25 57 0.0879878199839030
25 59 -0.0678424493737978
25 61 0.0550429528509621
25 63 -0.0461976761144104
25 65 0.0397239576980476
25 67 -0.0347840029283172
25 69 0.0308928392362835
25 71 -0.0277502983042875
25 73 0.0251606606804191
25 75 -0.0229908717261401
25 77 0.0211473288322253
25 79 -0.0195622743765633
25 81 0.0181854562805836
25 83 -0.0169788213742909
26 1 0.0374366379368728
26 3 -0.0275521781234572
26 5 0.0248762430434230
26 7 -0.0237180790615036
26 9 0.0232181491710776
26 11 -0.0231011420536734
26 13 0.0232518985773074
26 15 -0.0236172301169505
26 17 0.0241739867162887
26 19 -0.0249167039279081
26 21 0.0258526246286511
26 23 -0.0270001789971058
26 25 0.0283895935090036
26 27 -0.0300653497285013
26 29 0.0320908558057866
26 31 -0.0345563776840045
26 33 0.0375923749316100
26 35 -0.0413925283122301
26 37 0.0462553944292130
26 39 -0.0526646690160161
26 41 0.0614571383373730
26 43 -0.0742146755201695
26 45 0.0943283313561386
26 47 -0.130616345546915
26 49 0.215414329053170
26 51 -0.639747917920636
26 52 1.00000000000000
26 53 -0.633566633655985
26 55 0.209224287483933
26 57 -0.124408679142040
26 59 0.0880939481761607
26 61 -0.0679441368393728
26 63 0.0551405232250765
26 65 -0.0462914200318521
26 67 0.0398141370597279
26 69 -0.0348708545065326
26 71 0.0309765777372033
26 73 -0.0278311189822378
26 75 0.0252387415799349
26 77 -0.0230663756132164
26 79 0.0212204048647376
26 81 -0.0196330595547441
26 83 0.0182540767111877
27 1 -0.0363686691202567
27 3 0.0267250240305128
27 5 -0.0240892252262420
27 7 0.0229261131351960
27 9 -0.0223985447023838
27 11 0.0222374566672214
27 13 -0.0223293166900598
27 15 0.0226205073419554
27 17 -0.0230861154088384
27 19 0.0237177097635619
27 21 -0.0245182041782899
27 23 0.0254999430414043
27 25 -0.0266846311089718
27 27 0.0281046879443910
27 29 -0.0298061161455745
27 31 0.0318534101492888
27 33 -0.0343376312713181
27 35 0.0373898340777452
27 37 -0.0412041528248544
27 39 0.0460794954738046
27 41 -0.0524998339668850
27 43 0.0613021745327648
27 45 -0.0740685675189615
27 47 0.0941902080063441
27 49 -0.130485454296935
27 51 0.215290015685664
27 53 -0.639629610398974
27 54 1.00000000000000
27 55 -0.633679438185261
27 57 0.209332033240358
27 59 -0.124511760342210
27 61 0.0881927161477970
27 63 -0.0680389059255817
27 65 0.0552315757160480
27 67 -0.0463790103089120
27 69 0.0398984950970826
27 71 -0.0349521888458247
27 73 0.0310550780267328
27 75 -0.0279069581546398
27 77 0.0253120777279791
27 79 -0.0231373536122665
27 81 0.0212891577815812
27 83 -0.0196997098754612
28 1 0.0353691850837574
28 3 -0.0259535563014563
28 5 0.0233578680589681
28 7 -0.0221930337682802
28 9 0.0216430729147152
28 11 -0.0214449738723544
28 13 0.0214869760226357
28 15 -0.0217153861421603
28 17 0.0221040800274811
28 19 -0.0226424561508201
28 21 0.0233302298624164
28 23 -0.0241752753428483
28 25 0.0251931209887650
28 27 -0.0264076039882660
28 29 0.0278526228711171
28 31 -0.0295752364787634
28 33 0.0316407126235794
28 35 -0.0341406911637698
28 37 0.0372066676164522
28 39 -0.0410331178787936
28 41 0.0459192184821930
28 43 -0.0523491552497894
28 45 0.0611601067298939
28 47 -0.0739342635689062
28 49 0.0940629361682590
28 51 -0.130364578444871
28 53 0.215174979601744
28 55 -0.639519925135302
28 56 1.00000000000000
28 57 -0.633784204564118
28 59 0.209432264049664
28 61 -0.124607797194392
28 63 0.0882848646934257
28 65 -0.0681274406486891
28 67 0.0553167439635785
28 69 -0.0464610356956304
28 71 0.0399775803978720
28 73 -0.0350285184646881
28 75 0.0311288201142501
28 77 -0.0279782664318946
28 79 0.0253810930641512
28 81 -0.0232042053945030
28 83 0.0213539651089096
29 1 -0.0344315284432925
29 3 0.0252321042397376
29 5 -0.0226762335743441
29 7 0.0215122577235290
29 9 -0.0209442163208611
29 11 0.0207149357979476
29 13 -0.0207145095603155
29 15 0.0208894195187998
29 17 -0.0212127321832612
29 19 0.0216722532379151
29 21 -0.0222653103152556
29 23 0.0229964468536440
29 25 -0.0238766361099557
29 27 0.0249234820325025
29 29 -0.0261622613266275
29 31 0.0276279005924256
29 33 -0.0293682114189686
29 35 0.0314490247299707
29 37 -0.0339624095735963
29 39 0.0370401939956602
29 41 -0.0408771153003699
29 43 0.0457725581954693
29 45 -0.0522108762277607
29 47 0.0610293845025145
29 49 -0.0738103859109861
29 51 0.0939452839193777
29 53 -0.130252610221477
29 55 0.215068219496138
29 57 -0.639417952731698
29 58 1.00000000000000
29 59 -0.633881762358056
29 61 0.209525739735662
29 63 -0.124697488271430
29 65 0.0883710383251597
29 67 -0.0682103375854367
29 69 0.0553965818564146
29 71 -0.0465380119115463
29 73 0.0400518744229281
29 75 -0.0351002939649975
29 77 0.0311982267112611
29 79 -0.0280454412379081
29 81 0.0254461620156575
29 83 -0.0232672844142532
30 1 0.0335498941946162
30 3 -0.0245557562086518
30 5 0.0220392144562238
30 7 -0.0208781641479630
30 9 0.0202956062090429
30 11 -0.0200399843745060
30 13 0.0200032848867895
30 15 -0.0201323430794944
30 17 0.0203997111977658
30 19 -0.0207920267906711
30 21 0.0213048204480965
30 23 -0.0219401235236173
30 25 0.0227054987047116
30 27 -0.0236139413382360
30 29 0.0246844578115959
30 31 -0.0259433264205017
30 33 0.0274262071244425
30 35 -0.0291814601201516
30 37 0.0312753344670574
30 39 -0.0338002231774652
30 41 0.0368882089715248
30 43 -0.0407342319681111
30 45 0.0456378402788586
30 47 -0.0520835204904838
30 49 0.0609086970622447
30 51 -0.0736957635532929
30 53 0.0938361992035734
30 55 -0.130148599496416
30 57 0.214968873173417
30 59 -0.639322907327571
30 60 1.00000000000000
30 61 -0.633972830782110
30 63 0.209613121016892
30 65 -0.124781442693026
30 67 0.0884518004372272
30 69 -0.0682881194337386
30 71 0.0554715757250286
30 73 -0.0466103926641253
30 75 0.0401218015106042
30 77 -0.0351679131559432
30 79 0.0312636715866607
30 81 -0.0281088344909550
30 83 0.0255076165836980
31 1 -0.0327191960377095
31 3 0.0239202354065664
31 5 -0.0214423922819095
31 7 0.0202859233503503
31 9 -0.0196918095392701
31 11 0.0194138904582305
31 13 -0.0193460537668943
31 15 0.0194356142529089
31 17 -0.0196548282514828
31 19 0.0199894810527632
31 21 -0.0204337427265165
31 23 0.0209877304436449
31 25 -0.0216564196183018
31 27 0.0224493446727811
31 29 -0.0233808684693575
31 31 0.0244709740444720
31 33 -0.0257466547915441
31 35 0.0272441056167693
31 37 -0.0290120944406399
31 39 0.0311171862197957
31 41 -0.0336520222993589
31 43 0.0367488831639946
31 45 -0.0406028682676820
31 47 0.0455136554492706
31 49 -0.0519658379265593
31 51 0.0607969285690894
31 53 -0.0735893948230121
31 55 0.0937347781294806
31 57 -0.130051726688430
31 59 0.214876194198136
31 61 -0.639234106312166
31 62 1.00000000000000
31 63 -0.634058036458294
31 65 0.209694985156321
31 67 -0.124860194005815
31 69 0.0885276456894872
31 71 -0.0683612461219416
31 73 0.0555421543589732
31 75 -0.0466785787248445
31 77 0.0401877371368619
31 79 -0.0352317286029573
31 81 0.0313254864927561
31 83 -0.0281687589815181
32 1 0.0319349572677882
32 3 -0.0233217994259051
32 5 0.0208819240110635
32 7 -0.0197313610723136
32 9 0.0191281617987163
32 11 -0.0188313437574859
32 13 0.0187366836551262
32 15 -0.0187920638219052
32 17 0.0189696072390010
32 19 -0.0192544843033779
32 21 0.0196398312614347
32 23 -0.0201242942121229
32 25 0.0207108634270592
32 27 -0.0214064385320129
32 29 0.0222218885050875
32 31 -0.0231725293189138
32 33 0.0242790418729460
32 35 -0.0255689416146025
32 37 0.0270788213474119
32 39 -0.0288577572757982
32 41 0.0309725567043178
32 43 -0.0335160539764511
32 45 0.0366206850719884
32 47 -0.0404816760457120
32 49 0.0453988087977687
32 51 -0.0518567628255822
32 53 0.0606931231050485
32 55 -0.0734904177845102
32 57 0.0936402397512872
32 59 -0.129961281078569
32 61 0.214789533095923
32 63 -0.639150953907741
32 64 1.00000000000000
32 65 -0.634137927851096
32 67 0.209771838736016
32 69 -0.124934211555742
32 71 0.0885990101877265
32 73 -0.0684301239692593
32 75 0.0556086972895460
32 77 -0.0467429254521131
32 79 0.0402500147770999
32 81 -0.0352920539113990
32 83 0.0313839669409467
33 1 -0.0311932210970192
33 3 0.0227571584239520
33 5 -0.0203544503397482
33 7 0.0192108499265148
33 9 -0.0186006346205756
33 11 0.0182877881757777
33 13 -0.0181699495796556
33 15 0.0181956290332822
33 17 -0.0183369376489958
33 19 0.0185786108694097
33 21 -0.0189129983772207
33 23 0.0193376079202611
33 25 -0.0198538916049137
33 27 0.0204667189806837
33 29 -0.0211842930654355
33 31 0.0220184136914997
33 33 -0.0229850783988793
33 35 0.0241054779507885
33 37 -0.0254075164009483
33 39 0.0269280876383476
33 41 -0.0287165045565102
33 43 0.0308397629518736
33 45 -0.0333908490322807
33 47 0.0365023224222507
33 49 -0.0403695108080884
33 51 0.0452922803549916
33 53 -0.0517553809831083
33 55 0.0605964569531794
33 57 -0.0733980866584923
33 59 0.0935519058352233
33 61 -0.129876643309202
33 63 0.214708322103129
33 65 -0.639072927788436
33 66 1.00000000000000
33 67 -0.634212987084104
33 69 0.209844128154761
33 71 -0.125003909866077
33 73 0.0886662799052450
33 75 -0.0684951132854130
33 77 0.0556715416790651
33 79 -0.0468037490633372
33 81 0.0403089316392442
33 83 -0.0353491689867491
34 1 0.0304904764667965
34 3 -0.0222234079842431
34 5 0.0198570211388306
34 7 -0.0187212218405314
34 9 0.0181057299886972
34 11 -0.0177792914862820
34 13 0.0176413711029649
34 15 -0.0176411468050036
34 17 0.0177508087869622
34 19 -0.0179547949615648
34 21 0.0182448574589056
34 23 -0.0186176184591758
34 25 0.0190733281698455
34 27 -0.0196152754158990
34 29 0.0202496036219852
34 31 -0.0209854255801163
34 33 0.0218352072554322
34 35 -0.0228154445055949
34 37 0.0239477079000290
34 39 -0.0252601957598084
34 41 0.0267900333032128
34 43 -0.0285867176472874
34 45 0.0307173930139137
34 47 -0.0332751664557838
34 49 0.0363926969275493
34 51 -0.0402653944724378
34 53 0.0451931940837002
34 55 -0.0516609036238719
34 57 0.0605062164608862
34 59 -0.0733117528666153
34 61 0.0934691844976491
34 63 -0.129797271155294
34 65 0.214632062707329
34 67 -0.638999568099531
34 68 1.00000000000000
34 69 -0.634283639675766
34 71 0.209912248308529
34 73 -0.125069656417651
34 75 0.0887297976905325
34 77 -0.0685565347115516
34 79 0.0557309880832721
34 81 -0.0468613318928386
34 83 0.0403647534796431
35 1 -0.0298235963010404
35 3 0.0217179736669353
35 5 -0.0193870343578040
35 7 0.0182596968957222
35 9 -0.0176403949816325
35 11 0.0173024412456851
35 13 -0.0171470833414006
35 15 0.0171241917870404
35 17 -0.0172061039078576
35 19 0.0173770656920740
35 21 -0.0176283774825733
35 23 0.0179559699815429
35 25 -0.0183591475407123
35 27 0.0188399567099103
35 29 -0.0194029321863385
35 31 0.0200551071699694
35 33 -0.0208062459427335
35 35 0.0216693018335476
35 37 -0.0226611421575592
35 39 0.0238036252831447
35 41 -0.0251251757757676
35 43 0.0266630990277938
35 45 -0.0284670373191764
35 47 0.0306042530603707
35 49 -0.0331679504508482
35 51 0.0362908689919217
35 53 -0.0401684860419899
35 55 0.0451007932630866
35 57 -0.0515726465455413
35 59 0.0604217802153639
35 61 -0.0732308496752975
35 63 0.0933915568765594
35 65 -0.129722687875473
35 67 0.214560315400391
35 69 -0.638930468389342
35 70 1.00000000000000
35 71 -0.634350262609585
35 73 0.209976549810515
35 75 -0.125131778140261
35 77 0.0887898691306390
35 79 -0.0686146745394239
35 81 0.0557873052965686
35 83 -0.0469159268223723
36 1 0.0291897858207378
36 3 -0.0212385649298709
36 5 0.0189421856279753
36 7 -0.0178238250746611
36 9 0.0172019525350246
36 11 -0.0168542609675678
36 13 0.0166837340038049
36 15 -0.0166409483009850
36 17 0.0166984390508380
36 19 -0.0168403418721521
36 21 0.0170576186136853
36 23 -0.0173456589458291
36 25 0.0177030184586285
36 27 -0.0181307594820165
36 29 0.0186321478305750
36 31 -0.0192125889745876
36 33 0.0198797536907316
36 35 -0.0206438832166761
36 37 0.0215182944061206
36 39 -0.0225201362270864
36 41 0.0236714884608180
36 43 -0.0250009519992123
36 45 0.0265459742975767
36 47 -0.0283563133005234
36 49 0.0304993264907281
36 51 -0.0330682968942650
36 53 0.0361960298901208
36 55 -0.0400780582953343
36 57 0.0450144207741194
36 59 -0.0514900133002416
36 61 0.0603426045803803
36 63 -0.0731548796649816
36 65 0.0933185661996202
36 67 -0.129652472613021
36 69 0.214492691198869
36 71 -0.638865268076056
36 72 1.00000000000000
36 73 -0.634413191061961
36 75 0.210037345029608
36 77 -0.125190566857688
36 79 0.0888467674826051
36 81 -0.0686697891960729
36 83 0.0558407344462716
37 1 -0.0285865390482033
37 3 0.0207831366147834
37 5 -0.0185204264317314
37 7 0.0174114382551722
37 9 -0.0167880448063160
37 11 0.0164321420865701
37 13 -0.0162484005106184
37 15 0.0161881081522679
37 17 -0.0162240356295612
37 19 0.0163402714057120
37 21 -0.0165275274927190
37 23 0.0167807701466545
37 25 -0.0170979594177365
37 27 0.0174793723689408
37 29 -0.0179272652766979
37 31 0.0184457566471326
37 33 -0.0190408762881402
37 35 0.0197207620283819
37 37 -0.0204960110819537
37 39 0.0213802161071320
37 41 -0.0223907428873732
37 43 0.0235498438691217
37 45 -0.0248862590574423
37 47 0.0264375491706694
37 49 -0.0282535652515873
37 51 0.0304017419727517
37 53 -0.0329754268700584
37 55 0.0361074796296218
37 57 -0.0399934790947365
37 59 0.0449335031807866
37 61 -0.0514124815283520
37 63 0.0602682118762331
37 65 -0.0730834044357368
37 67 0.0932498087603184
37 69 -0.129586252437798
37 71 0.214428844585994
37 73 -0.638803646154709
37 74 1.00000000000000
37 75 -0.634472724041124
37 77 0.210094913166917
37 79 -0.125246283878052
37 81 0.0889007378414140
37 83 -0.0687221090430504
38 1 0.0280116020185282
38 3 -0.0203498565813699
38 5 0.0181199291786908
38 7 -0.0170206104000270
38 9 0.0163965865355064
38 11 -0.0160337883386987
38 13 0.0158385227572594
38 15 -0.0157627884030097
38 17 0.0157796187942946
38 19 -0.0158731043520561
38 21 0.0160337770414390
38 23 -0.0162562723655427
38 25 0.0165380750222311
38 27 -0.0168788317505357
38 29 0.0172799894353652
38 31 -0.0177446398156426
38 33 0.0182775131201869
38 35 -0.0188850967720445
38 37 0.0195758773838199
38 39 -0.0203607224016086
38 41 0.0212534369184356
38 43 -0.0222715558943310
38 45 0.0234374680781996
38 47 -0.0247800244497237
38 49 0.0263368769444269
38 51 -0.0281579522354120
38 53 0.0303107482016900
38 55 -0.0328886655890583
38 57 0.0360246091799711
38 59 -0.0399141962758635
38 61 0.0448575377787324
38 63 -0.0513395917747167
38 65 0.0601981806551321
38 67 -0.0730160360965437
38 69 0.0931849264244154
38 71 -0.129523695710793
38 73 0.214368467604765
38 75 -0.638745315912506
38 76 1.00000000000000
38 77 -0.634529129137386
38 79 0.210149504544522
38 81 -0.125299163882045
38 83 0.0889520006789777
39 1 -0.0274629415157687
39 3 0.0199370783685197
39 5 -0.0177390578880609
39 7 0.0166496243487138
39 9 -0.0160257263953903
39 11 0.0156571699844768
39 13 -0.0154518481730835
39 15 0.0153624646905311
39 17 -0.0153623356717089
39 19 0.0154355916891136
39 21 -0.0155726398759118
39 23 0.0157678584872298
39 25 -0.0160183519144978
39 27 0.0163232583572545
39 29 -0.0166833713594712
39 31 0.0171009568304836
39 33 -0.0175797061961364
39 35 0.0181247982968035
39 37 -0.0187430624771892
39 39 0.0194432502651482
39 41 -0.0202364373619475
39 43 0.0211365947087156
39 45 -0.0221613908862682
39 47 0.0233333234347736
39 49 -0.0246813327564713
39 51 0.0262431449292369
39 53 -0.0280687485890957
39 55 0.0302256937781046
39 57 -0.0328074254511743
39 59 0.0359468860922750
39 61 -0.0398397253404784
39 63 0.0447860819837059
39 65 -0.0512709382756022
39 67 0.0601321376504378
39 69 -0.0729524301874703
39 71 0.0931236003720840
39 73 -0.129464506521709
39 75 0.214311284888875
39 77 -0.638690020468874
39 78 1.00000000000000
39 79 -0.634582646543894
39 81 0.210201344245482
39 83 -0.125349418231269
40 1 0.0269387183846835
40 3 -0.0195433179903437
40 5 0.0173763434499785
40 7 -0.0162969439632026
40 9 0.0156738147732688
40 11 -0.0153004858948082
40 13 0.0150863865234293
40 15 -0.0149849167598455
40 17 0.0149696890816948
40 19 -0.0150249038954035
40 21 0.0151408873685763
40 23 -0.0153118191771453
40 25 0.0155344991280367
40 27 -0.0158076534119238
40 29 0.0161315450459987
40 31 -0.0165077708959729
40 33 0.0169391850607617
40 35 -0.0174299189769488
40 37 0.0179854868512659
40 39 -0.0186129778647624
40 41 0.0193213478078593
40 43 -0.0201218350503535
40 45 0.0210285415924468
40 47 -0.0220592427205350
40 49 0.0232365236829917
40 51 -0.0245893976030042
40 53 0.0261556513334657
40 55 -0.0279853246734208
40 57 0.0301460110265016
40 59 -0.0327311923263567
40 61 0.0358738427746474
40 63 -0.0397696393617694
40 65 0.0447187445798362
40 67 -0.0512061613220346
40 69 0.0600697510725323
40 71 -0.0728922797607082
40 73 0.0930655458442343
40 75 -0.129408420002366
40 77 0.214257049462247
40 79 -0.638637528993917
40 80 1.00000000000000
40 81 -0.634633492475352
40 83 0.210250635216788
41 1 -0.0264372646514176
41 3 0.0191672341518266
41 5 -0.0170304626489033
41 7 0.0159611906429250
41 9 -0.0153393767647621
41 11 0.0149621319628744
41 13 -0.0147403724914047
41 15 0.0146281836713667
41 17 -0.0145994834110741
41 19 0.0146385649599781
41 21 -0.0147357084862067
41 23 0.0148849421700437
41 25 -0.0150828219676466
41 27 0.0153277391656830
41 29 -0.0156195237443146
41 31 0.0159592270247559
41 33 -0.0163490230664785
41 35 0.0167921977534918
41 37 -0.0172932116193795
41 39 0.0178578338498541
41 41 -0.0184933540700815
41 43 0.0192088876981297
41 45 -0.0200158017128969
41 47 0.0209283028254561
41 49 -0.0219642523908348
41 51 0.0231463070189499
41 53 -0.0245035394719158
41 55 0.0260737868092379
41 57 -0.0279071313809663
41 59 0.0300712028782190
41 61 -0.0326595143594309
41 63 0.0358050668663049
41 65 -0.0397035606503239
41 67 0.0446551784573271
41 69 -0.0511449408929909
41 71 0.0600107249953178
41 73 -0.0728353104047908
41 75 0.0930105077098291
41 77 -0.129355198359152
41 79 0.214205539171934
41 81 -0.638587633487845
41 82 1.00000000000000
41 83 -0.634681862087287
42 1 0.0259570638304312
42 3 -0.0188076113073798
42 5 0.0167002202950917
42 7 -0.0156411234264774
42 9 0.0150210894182380
42 11 -0.0146406746400059
42 13 0.0144122345163566
42 15 -0.0142905267316298
42 17 0.0142497801148106
42 19 -0.0142743985082721
42 21 0.0143546440200610
42 23 -0.0144844313028490
42 25 0.0146601214724152
42 27 -0.0148798329355926
42 29 0.0151430406353457
42 31 -0.0154503484772984
42 33 0.0158033744485861
42 35 -0.0162047165182085
42 37 0.0166579836646363
42 39 -0.0171678867497943
42 41 0.0177403917475695
42 43 -0.0183829449993077
42 45 0.0191047881864724
42 47 -0.0199173910890152
42 49 0.0208350449168444
42 51 -0.0218756810849794
42 53 0.0230620147545232
42 55 -0.0244231679784977
42 57 0.0259970195913396
42 59 -0.0278336875687510
42 61 0.0300008321589636
42 63 -0.0325919927709308
42 65 0.0357401932831944
42 67 -0.0396411538315661
42 69 0.0445950745513260
42 71 -0.0510869913183081
42 73 0.0599547946315503
42 75 -0.0727812760410377
42 77 0.0929582567082359
42 79 -0.129304627498953
42 81 0.214156553645698
42 83 -0.638540146026653
42 84 1.00000000000000
