46 92
1 2 1.00000000000000
2 3 -0.921317731923561
2 4 1.00000000000000
2 5 -0.531923040535244
2 7 0.145673124078944
2 9 -0.0778655601092025
2 11 0.0512984419228811
2 13 -0.0375056326012815
2 15 0.0291910757634743
2 17 -0.0236880391083422
2 19 0.0198045178104204
2 21 -0.0169325054558135
2 23 0.0147313260861276
2 25 -0.0129961425389184
2 27 0.0115968272712912
2 29 -0.0104469811300552
2 31 0.00948712048299874
2 33 -0.00867503164469003
2 35 0.00797997582805023
2 37 -0.00737906916123277
2 39 0.00685494470971408
2 41 -0.00639419823249547
2 43 0.00598632850835677
2 45 -0.00562299856623685
2 47 0.00529751032649707
2 49 -0.00500442431551714
2 51 0.00473927995906743
2 53 -0.00449838685575180
2 55 0.00427866695532431
2 57 -0.00407753378403073
2 59 0.00389279899597331
2 61 -0.00372259933026834
2 63 0.00356533898043090
2 65 -0.00341964372737340
2 67 0.00328432413909241
2 69 -0.00315834582204537
2 71 0.00304080520358822
2 73 -0.00293090968716356
2 75 0.00282796129018098
2 77 -0.00273134307503729
2 79 0.00264050783493794
2 81 -0.00255496861118100
2 83 0.00247429070671860
2 85 -0.00239808492889125
2 87 0.00232600184718022
2 89 -0.00225772689328161
2 91 0.00219297616347181
3 3 0.412025815491402
3 5 -0.713649646461108
3 6 1.00000000000000
3 7 -0.586323014283504
3 9 0.174112685510273
3 11 -0.0963537147546851
3 13 0.0646959682560325
3 15 -0.0478670351452151
3 17 0.0375591738599480
3 19 -0.0306583255977959
3 21 0.0257463185954378
3 23 -0.0220893417888934
3 25 0.0192715396234188
3 27 -0.0170405646955543
3 29 0.0152348869346485
3 31 -0.0137465724093438
3 33 0.0125009078548927
3 35 -0.0114446238769674
3 37 0.0105387737113787
3 39 -0.00975425967913298
3 41 0.00906892955400598
3 43 -0.00846563775783073
3 45 0.00793091828140104
3 47 -0.00745405620975872
3 49 0.00702642534556344
3 51 -0.00664100734913638
3 53 0.00629203712079672
3 55 -0.00597473753172916
3 57 0.00568511840290784
3 59 -0.00541982235595085
3 61 0.00517600531485912
3 63 -0.00495124293748762
3 65 0.00474345666943218
3 67 -0.00455085480211188
3 69 0.00437188511471889
3 71 -0.00420519653985609
3 73 0.00404960791748342
3 75 -0.00390408236055105
3 77 0.00376770609594033
3 79 -0.00363967089906701
3 81 0.00351925943290703
3 83 -0.00340583294874689
3 85 0.00329882091844788
3 87 -0.00319771225500043
3 89 0.00310204784588388
3 91 -0.00301141417684722
4 3 -0.286096336205338
4 5 0.275296327870529
4 7 -0.678537039478621
4 8 1.00000000000000
4 9 -0.604488839515453
4 11 0.185846262099247
4 13 -0.104819448624943
4 15 0.0712225659438631
4 17 -0.0531254748603206
4 19 0.0419310480488114
4 21 -0.0343795085348136
4 23 0.0289719052101130
4 25 -0.0249262938236442
4 27 0.0217964765420390
4 29 -0.0193100943132604
4 31 0.0172919198906920
4 33 -0.0156243488725767
4 35 0.0142256584152484
4 37 -0.0130373820860956
4 39 0.0120166435116248
4 41 -0.0111313221309925
4 43 0.0103569046772481
4 45 -0.00967437630501391
4 47 0.00906877300054456
4 49 -0.00852816615921887
4 51 0.00804293645045192
4 53 -0.00760524551229402
4 55 0.00720864555290624
4 57 -0.00684778676624858
4 59 0.00651819522401480
4 61 -0.00621610227916125
4 63 0.00593831211663243
4 65 -0.00568209789672518
4 67 0.00544511956914065
4 69 -0.00522535828126025
4 71 0.00502106361519898
4 73 -0.00483071083107082
4 75 0.00465296597983262
4 77 -0.00448665725343579
4 79 0.00433075131458949
4 81 -0.00418433362923734
4 83 0.00404659203720244
4 85 -0.00391680295837803
4 87 0.00379431975627281
4 89 -0.00367856287704570
4 91 0.00356901145725210
5 3 0.224778510448245
5 5 -0.181686306921472
5 7 0.248784221726744
5 9 -0.664903800669054
5 10 1.00000000000000
5 11 -0.613261376879900
5 13 0.192159185355750
5 15 -0.109677155923030
5 17 0.0751307670549763
5 19 -0.0563710885963743
5 21 0.0446910809962284
5 23 -0.0367701575553214
5 25 0.0310731943068609
5 27 -0.0267954776085876
5 29 0.0234758116869703
5 31 -0.0208315835357175
5 33 0.0186803336415371
5 35 -0.0168992200142062
5 37 0.0154026396728036
5 39 -0.0141291944427215
5 41 0.0130337541699902
5 43 -0.0120824390215439
5 45 0.0112493436575091
5 47 -0.0105143382090291
5 49 0.00986155568712984
5 51 -0.00927832892322423
5 53 0.00875442900472596
5 55 -0.00828151026441656
5 57 0.00785269950485635
5 59 -0.00746228769028350
5 61 0.00710549557955317
5 63 -0.00677829348047009
5 65 0.00647726113818964
5 67 -0.00619947774392441
5 69 0.00594243479978602
5 71 -0.00570396650566347
5 73 0.00548219370689126
5 75 -0.00527547843001337
5 77 0.00508238675394075
5 79 -0.00490165829379342
5 81 0.00473218096874525
5 83 -0.00457297002086971
5 85 0.00442315047580890
5 87 -0.00428194240691710
5 89 0.00414864849592271
5 91 -0.00402264348495394
6 3 -0.187528163006407
6 5 0.139203559790210
6 7 -0.160114352542446
6 9 0.237735337269432
6 11 -0.657812002819755
6 12 1.00000000000000
6 13 -0.618356006156083
6 15 0.196074497001496
6 17 -0.112824141708986
6 19 0.0777422437754827
6 21 -0.0585905014789165
6 23 0.0466124937121684
6 25 -0.0384582915432057
6 27 0.0325743189624642
6 29 -0.0281437183931236
6 31 0.0246969975254845
6 33 -0.0219456955436853
6 35 0.0197031204672261
6 37 -0.0178432964549325
6 39 0.0162782538000849
6 41 -0.0149447757007936
6 43 0.0137963129733198
6 45 -0.0127978633494911
6 47 0.0119226227438711
6 49 -0.0111497336865662
6 51 0.0104627342388287
6 53 -0.00984846631519612
6 55 0.00929629255502238
6 57 -0.00879752486289980
6 59 0.00834500094416779
6 61 -0.00793276610672865
6 63 0.00755583111144360
6 65 -0.00720998574796907
6 67 0.00689165377765523
6 69 -0.00659777895329602
6 71 0.00632573464349482
6 73 -0.00607325156945892
6 75 0.00583835957179175
6 77 -0.00561934034091883
6 79 0.00541468878547535
6 81 -0.00522308125868377
6 83 0.00504334926879063
6 85 -0.00487445760457046
6 87 0.00471548603791613
6 89 -0.00456561394197942
6 91 0.00442410729913572
7 3 0.162154108054847
7 5 -0.114424099699152
7 7 0.120868702445788
7 9 -0.150749757778688
7 11 0.231735287437179
7 13 -0.653506957356401
7 14 1.00000000000000
7 15 -0.621661534819591
7 17 0.198729536681538
7 19 -0.115026190988322
7 21 0.0796128766629411
7 23 -0.0602093786698714
7 25 0.0480343907418283
7 27 -0.0397223453949866
7 29 0.0337093804729087
7 31 -0.0291716147725232
7 33 0.0256346077051110
7 35 -0.0228063185447966
7 37 0.0204974056372025
7 39 -0.0185798927584545
7 41 0.0169642735577277
7 43 -0.0155861325698399
7 45 0.0143979727312603
7 47 -0.0133640329794344
7 49 0.0124568950654942
7 51 -0.0116551994298139
7 53 0.0109420699187329
7 55 -0.0103040038771321
7 57 0.00973007511772320
7 59 -0.00921135173940534
7 61 0.00874046430736974
7 63 -0.00831128108125592
7 65 0.00791866064770177
7 67 -0.00755826132032004
7 69 0.00722639271495661
7 71 -0.00691989903411038
7 73 0.00663606645464731
7 75 -0.00637254902420185
7 77 0.00612730890468146
7 79 -0.00589856783485886
7 81 0.00568476743800639
7 83 -0.00548453655638118
7 85 0.00529666420823570
7 87 -0.00512007707403921
7 89 0.00495382065435195
7 91 -0.00479704342197008
8 3 -0.143601105435645
8 5 0.0979823435845063
8 7 -0.0983897563338355
8 9 0.112696150582464
8 11 -0.145520412077675
8 13 0.227986670053701
8 15 -0.650630609032810
8 16 1.00000000000000
8 17 -0.623970660440366
8 19 0.200643910192424
8 21 -0.116651908056582
8 23 0.0810194162104868
8 25 -0.0614444918400812
8 27 0.0491321812267734
8 29 -0.0407079443594634
8 31 0.0346017948340362
8 33 -0.0299855383087899
8 35 0.0263816147671835
8 37 -0.0234956752896938
8 39 0.0211366360885586
8 41 -0.0191751829893353
8 43 0.0175207661924429
8 45 -0.0161081452555004
8 47 0.0148891628256711
8 49 -0.0138275234956617
8 51 0.0128953722477625
8 53 -0.0120709892478650
8 55 0.0113371986838638
8 57 -0.0106802467511524
8 59 0.0100889952858493
8 61 -0.00955433230891258
8 63 0.00906873448400428
8 65 -0.00862593780421995
8 67 0.00822068659057824
8 69 -0.00784853996164296
8 71 0.00750572102890146
8 73 -0.00718899823539011
8 75 0.00689559114250601
8 77 -0.00662309500147529
8 79 0.00636941989421702
8 81 -0.00613274127347510
8 83 0.00591145949490389
8 85 -0.00570416649646147
8 87 0.00550961819961725
8 89 -0.00532671152202337
8 91 0.00515446513030324
9 3 0.129362568633044
9 5 -0.0861779005654031
9 7 0.0836755283557378
9 9 -0.0911094377356890
9 11 0.108042502343277
9 13 -0.142186858769382
9 15 0.225430144899347
9 17 -0.648579060575304
9 18 1.00000000000000
9 19 -0.625670950734687
9 21 0.202087453087029
9 23 -0.117900568504135
9 25 0.0821156963885300
9 27 -0.0624187367217013
9 29 0.0500067457711042
9 31 -0.0414997315588282
9 33 0.0353238690537558
9 35 -0.0306481883479426
9 37 0.0269930761201734
9 39 -0.0240626340066925
9 41 0.0216645884697414
9 43 -0.0196686976198609
9 45 0.0179836782942613
9 47 -0.0165437031691549
9 49 0.0153001400146895
9 51 -0.0142163053099421
9 53 0.0132640239324978
9 55 -0.0124213098288565
9 57 0.0116707640851267
9 59 -0.0109984446103075
9 61 0.0103930533015561
9 63 -0.00984534150087873
9 65 0.00934766841580668
9 67 -0.00889366857587392
9 69 0.00847799822660880
9 71 -0.00809613968410617
9 73 0.00774424880128129
9 75 -0.00741903488397136
9 77 0.00711766530053224
9 79 -0.00683768907367132
9 81 0.00657697520181265
9 83 -0.00633366251028944
9 85 0.00610611860153161
9 87 -0.00589290604078612
9 89 0.00569275433673433
9 91 -0.00550453659440055
10 3 -0.118042760951877
10 5 0.0772389557863134
10 7 -0.0732210895424562
10 9 0.0770906276451121
10 11 -0.0869037576852234
10 13 0.105031559739295
10 15 -0.139878714152668
10 17 0.223578510959634
10 19 -0.647044846276154
10 20 1.00000000000000
10 21 -0.626973227046067
10 23 0.203213726357948
10 25 -0.118889255315209
10 27 0.0829942175869146
10 29 -0.0632072884698409
10 31 0.0507205956829786
10 33 -0.0421506779025864
10 35 0.0359212020327051
10 37 -0.0311993430784508
10 39 0.0275040880745385
10 41 -0.0245384640882475
10 43 0.0221093597912961
10 45 -0.0200858710976184
10 47 0.0183761849744561
10 49 -0.0169140453966171
10 51 0.0156504697934380
10 53 -0.0145484857191378
10 55 0.0135796777831618
10 57 -0.0127218585940911
10 59 0.0119574593316703
10 61 -0.0112723935886901
10 63 0.0106552399420598
10 65 -0.0100966437640198
10 67 0.00958887272621073
10 69 -0.00912548190471564
10 71 0.00870105826464124
10 73 -0.00831102345378779
10 75 0.00795147998485462
10 77 -0.00761909008898693
10 79 0.00731097944120437
10 81 -0.00702466001263770
10 83 0.00675796777015997
10 85 -0.00650901200247110
10 87 0.00627613382481405
10 89 -0.00605787198518803
10 91 0.00585293452035920
11 3 0.108798053522651
11 5 -0.0702045367225639
11 7 0.0653694342836517
11 9 -0.0671950622683129
11 11 0.0732444675375323
11 13 -0.0841514864563351
11 15 0.102922432522428
11 17 -0.138187180598313
11 19 0.222177243351029
11 21 -0.645855619011647
11 22 1.00000000000000
11 23 -0.628001586193404
11 25 0.204116354237341
11 27 -0.119691226429456
11 29 0.0837139965102384
11 31 -0.0638588314978116
11 33 0.0513146861670260
11 35 -0.0426958057691155
11 37 0.0364241611227581
11 39 -0.0316656477207690
11 41 0.0279382703760600
11 43 -0.0249442904473435
11 45 0.0224899914443607
11 47 -0.0204439850930797
11 49 0.0187140666526004
11 51 -0.0172336600136263
11 53 0.0159535186526389
11 55 -0.0148364506373256
11 57 0.0138538566653971
11 59 -0.0129833941541075
11 61 0.0122073624731768
11 63 -0.0115115625878276
11 65 0.0108844762983141
11 67 -0.0103166653858666
11 69 0.00980032496808965
11 71 -0.00932894685934449
11 73 0.00889706262918549
11 75 -0.00850004522289885
11 77 0.00813395417298608
11 79 -0.00779541364499626
11 81 0.00748151548734133
11 83 -0.00718974151561010
11 85 0.00691790073255954
11 87 -0.00666407824731651
11 89 0.00642659343347436
11 91 -0.00620396543884033
12 3 -0.101086265703898
12 5 0.0645055703697844
12 7 -0.0592316438425666
12 9 0.0598034412879864
12 11 -0.0636445002261219
12 13 0.0707047087319300
12 15 -0.0822057685672753
12 17 0.101362296590256
12 19 -0.136894987309690
12 21 0.221080739750754
12 23 -0.644907551254644
12 24 1.00000000000000
12 25 -0.628833657794406
12 27 0.204855575315680
12 29 -0.120354638515107
12 31 0.0843144785376801
12 33 -0.0644063331820670
12 35 0.0518170402440551
12 37 -0.0431592795659235
12 39 0.0368538411633323
12 41 -0.0320657141714661
12 43 0.0283121968999346
12 45 -0.0252949923836079
12 47 0.0228199374535741
12 49 -0.0207552824983569
12 51 0.0190085275298015
12 53 -0.0175128529820362
12 55 0.0162188098999938
12 57 -0.0150890367393690
12 59 0.0140947910803464
12 61 -0.0132136087906168
12 63 0.0124276853841687
12 65 -0.0117227325905988
12 67 0.0110871551357600
12 69 -0.0105114479055198
12 71 0.00998774769175723
12 73 -0.00950949523722461
12 75 0.00907117721189951
12 77 -0.00866812693817514
12 79 0.00829636885737563
12 81 -0.00795249595248288
12 83 0.00763357227418618
12 85 -0.00733705478286446
12 87 0.00706073019335594
12 89 -0.00680266357452228
12 91 0.00656115623396550
13 3 0.0945419125552180
13 5 -0.0597822556790245
13 7 0.0542862544304845
13 9 -0.0540516909371447
13 11 0.0565006892073281
13 13 -0.0612827777311184
13 15 0.0688958226263666
13 17 -0.0807556178469639
13 19 0.100161375932870
13 21 -0.135876055636003
13 23 0.220199829893081
13 25 -0.644134485049767
13 26 1.00000000000000
13 27 -0.629520409157304
13 29 0.205471860860606
13 31 -0.120912434566297
13 33 0.0848230365388261
13 35 -0.0648729354960336
13 37 0.0522475133358507
13 39 -0.0435583518035683
13 41 0.0372253981110148
13 43 -0.0324129844804222
13 45 0.0286378901235663
13 47 -0.0256014028058206
13 49 0.0231090234492238
13 51 -0.0210287279877812
13 53 0.0192677901338903
13 55 -0.0177592021652050
13 57 0.0164533574825022
13 59 -0.0153127615279747
13 61 0.0143085589180771
13 63 -0.0134181890043866
13 65 0.0126237643745885
13 67 -0.0119109251357390
13 69 0.0112680138521326
13 71 -0.0106854712129081
13 73 0.0101553865551415
13 75 -0.00967115890284255
13 77 0.00922723811105273
13 79 -0.00881892489858887
13 81 0.00844221473540081
13 83 -0.00809367477848886
13 85 0.00777034598684415
13 87 -0.00746966461470428
13 89 0.00718939875926367
13 91 -0.00692759670617521
14 3 -0.0889090090798989
14 5 0.0557952612235462
14 7 -0.0502062452144771
14 9 0.0494354127023506
14 11 -0.0509600261296806
14 13 0.0542905316041070
14 15 -0.0595903288049777
14 17 0.0675392334694074
14 19 -0.0796323204985891
14 21 0.0992084020202576
14 23 -0.135052238918178
14 25 0.219476918893317
14 27 -0.643492328026640
14 28 1.00000000000000
14 29 -0.630096645791759
14 31 0.205993385002903
14 33 -0.121387903302475
14 35 0.0852592638389405
14 37 -0.0652753726860545
14 39 0.0526205840613052
14 41 -0.0439056910083246
14 43 0.0375500260356207
14 45 -0.0327174356512983
14 47 0.0289243105256724
14 49 -0.0258716241514102
14 51 0.0233646206862847
14 53 -0.0212710643606388
14 55 0.0194980528733539
14 57 -0.0179784310374506
14 59 0.0166624678337809
14 61 -0.0155125630426406
14 63 0.0144997710059507
14 65 -0.0136014535140770
14 67 0.0127996561678501
14 69 -0.0120799609376742
14 71 0.0114306597016030
14 73 -0.0108421487688430
14 75 0.0103064784618252
14 77 -0.00981701337662439
14 79 0.00936817287928785
14 81 -0.00895523059680447
14 83 0.00857415784908718
14 85 -0.00822150020033672
14 87 0.00789427924778933
14 89 -0.00758991383711469
14 91 0.00730615637249135
15 3 0.0840025456555957
15 5 -0.0523788037346218
15 7 0.0467756288161764
15 9 -0.0456397128442627
15 11 0.0465259656108663
15 13 -0.0488806378912648
15 15 0.0526985065780334
15 17 -0.0583144109562073
15 19 0.0664828499870329
15 21 -0.0787361940184755
15 23 0.0984337851349412
15 25 -0.134372543554724
15 27 0.218873181924481
15 29 -0.642950592156906
15 30 1.00000000000000
15 31 -0.630586925446641
15 33 0.206440352788898
15 35 -0.121797969174265
15 37 0.0856375555851035
15 39 -0.0656260511755484
15 41 0.0529470681389103
15 43 -0.0442108212282000
15 45 0.0378361860335699
15 47 -0.0329866435741511
15 49 0.0291782889068149
15 51 -0.0261118540147961
15 53 0.0235923839375867
15 55 -0.0214874773616403
15 57 0.0197040932973552
15 59 -0.0181749595461937
15 61 0.0168502457215060
15 63 -0.0156922667091728
15 65 0.0146720039142577
15 67 -0.0137667561357233
15 69 0.0129585143066086
15 71 -0.0122328127364495
15 73 0.0115779015732066
15 75 -0.0109841404416634
15 77 0.0104435472932042
15 79 -0.00994945805698616
15 81 0.00949626662672436
15 83 -0.00907922392338637
15 85 0.00869428096551459
15 87 -0.00833796511382301
15 89 0.00800728159863959
15 91 -0.00769963451182972
16 3 -0.0796852538699539
16 5 0.0494141770516883
16 7 -0.0438457202794574
16 9 0.0424574697624368
16 11 -0.0428893484326618
16 13 0.0445606925835195
16 15 -0.0473762184538256
16 17 0.0514929452980662
16 19 -0.0573163740655894
16 21 0.0656362845530275
16 23 -0.0780044651149802
16 25 0.0977917570719102
16 27 -0.133802290816816
16 29 0.218361512046493
16 31 -0.642487538841901
16 32 1.00000000000000
16 33 -0.631009059157300
16 35 0.206827624373617
16 37 -0.122155224188757
16 39 0.0859687256925504
16 41 -0.0659343667466008
16 43 0.0532352130246919
16 45 -0.0444810474841864
16 47 0.0380904003365015
16 49 -0.0332264732637312
16 51 0.0294051331190454
16 53 -0.0263269237439808
16 55 0.0237967337648297
16 57 -0.0216820308328835
16 59 0.0198896634071453
16 61 -0.0183522654100511
16 63 0.0170199262515601
16 65 -0.0158548919125631
16 67 0.0148280842901065
16 69 -0.0139167505395174
16 71 0.0131028365703834
16 73 -0.0123718372720990
16 75 0.0117119681394599
16 77 -0.0111135582191341
16 79 0.0105685983837888
16 81 -0.0100704005018275
16 83 0.00961333701953392
16 85 -0.00919263968207026
16 87 0.00880424231397149
16 89 -0.00844465681686993
16 91 0.00811087448581012
17 3 0.0758529932079090
17 5 -0.0468140043955234
17 7 0.0413106389012584
17 9 -0.0397466375650057
17 11 0.0398473427658690
17 13 -0.0410246322606389
17 15 0.0431334475244347
17 17 -0.0462326225320804
17 19 0.0505462871169566
17 21 -0.0565134447515852
17 23 0.0649423120004718
17 25 -0.0773955940981635
17 27 0.0972509766982582
17 29 -0.133317082687910
17 31 0.217922419719328
17 33 -0.642087259548608
17 34 1.00000000000000
17 35 -0.631376272364574
17 37 0.207166368429143
17 39 -0.122469228864553
17 41 0.0862610553593602
17 43 -0.0662075672485865
17 45 0.0534914205436571
17 47 -0.0447220705390797
17 49 0.0383177824467072
17 51 -0.0334415414648262
17 53 0.0296090359726500
17 55 -0.0265206614399994
17 57 0.0239811821979897
17 59 -0.0218579610354452
17 61 0.0200577573653560
17 63 -0.0185131290373790
17 65 0.0171741001065353
17 67 -0.0160028601126912
17 69 0.0149702819718144
17 71 -0.0140535701377585
17 73 0.0132346331335791
17 75 -0.0124989329837044
17 77 0.0118346561831564
17 79 -0.0112321060979599
17 81 0.0106832507825901
17 83 -0.0101813817658808
17 85 0.00972085330905343
17 87 -0.00929688085180371
17 89 0.00890538355863292
17 91 -0.00854286011631723
18 3 -0.0724252286323123
18 5 0.0445124494564686
18 7 -0.0390928268467557
18 9 0.0374064106339515
18 11 -0.0372611788588714
18 13 0.0380719878685337
18 15 -0.0396659514046918
18 17 0.0420448926236626
18 19 -0.0453315945279408
18 21 0.0497821067192143
18 23 -0.0558529963320203
18 25 0.0643628787470625
18 27 -0.0768809781431633
18 29 0.0967892587481569
18 31 -0.132899259396764
18 33 0.217541538589772
18 35 -0.641737849536945
18 36 1.00000000000000
18 37 -0.631698587314015
18 39 0.207465138740080
18 41 -0.122747371453950
18 43 0.0865209934912795
18 45 -0.0664513341902074
18 47 0.0537207376387975
18 49 -0.0449384068691513
18 51 0.0385224010204367
18 53 -0.0336355354046398
18 55 0.0297933571719720
18 57 -0.0266961434834655
18 59 0.0241485588603888
18 61 -0.0220178813378093
18 63 0.0202107979242360
18 65 -0.0186598042669850
18 67 0.0173148707035758
18 69 -0.0161381401570962
18 71 0.0151004449038466
18 73 -0.0141789538168428
18 75 0.0133555441419164
18 77 -0.0126156503050934
18 79 0.0119474343620369
18 81 -0.0113411779637642
18 83 0.0107888298087518
18 85 -0.0102836641203429
18 87 0.00982001964311313
18 89 -0.00939309786608139
18 91 0.00899880537844130
19 3 0.0693386347063882
19 5 -0.0424589024077001
19 7 0.0371340994023414
19 9 -0.0353631806012235
19 11 0.0350325984406991
19 13 -0.0355658257516410
19 15 0.0367746755559178
19 17 -0.0386266522368117
19 19 0.0411846928684056
19 21 -0.0446020812824967
19 23 0.0491516481871065
19 25 -0.0552998952914757
19 27 0.0638716653879325
19 29 -0.0764402695971987
19 31 0.0963904573167351
19 33 -0.132535726140206
19 35 0.217208049428159
19 37 -0.641430226108713
19 38 1.00000000000000
19 39 -0.631983734921229
19 41 0.207730595485246
19 43 -0.122995450909477
19 45 0.0867536368355644
19 47 -0.0666701847660649
19 49 0.0539271979264827
19 51 -0.0451336825937592
19 53 0.0387075357059739
19 55 -0.0338114377379256
19 57 0.0299608228878537
19 59 -0.0268558730280088
19 61 0.0243011717664491
19 63 -0.0221639280158954
19 65 0.0203507694031415
19 67 -0.0187941402946570
19 69 0.0174439665263875
19 71 -0.0162623522262812
19 73 0.0152200957051624
19 75 -0.0142943359791690
19 77 0.0134669239493244
19 79 -0.0127232707126581
19 81 0.0120515175966318
19 83 -0.0114419277760565
19 85 0.0108864334306684
19 87 -0.0103782939727276
19 89 0.00991183483060700
19 91 -0.00948224549004264
20 3 -0.0665426855728512
20 5 0.0406137767096912
20 7 -0.0353899026240070
20 9 0.0335618847067647
20 11 -0.0330900051988113
20 13 0.0334093371353114
20 15 -0.0343238025738068
20 17 0.0357797454391148
20 19 -0.0378032254151916
20 21 0.0404864001656390
20 23 -0.0439986287157042
20 25 0.0486222576502041
20 27 -0.0548297531992934
20 29 0.0634498723160377
20 31 -0.0760585933922081
20 33 0.0960425415729332
20 35 -0.132216569288596
20 37 0.216913651213855
20 39 -0.641157341217807
20 40 1.00000000000000
20 41 -0.632237772578969
20 43 0.207968000676564
20 45 -0.123218081867183
20 47 0.0869630666491626
20 49 -0.0668677559325647
20 51 0.0541140645814345
20 53 -0.0453108435945419
20 55 0.0388758608303457
20 57 -0.0339716886367519
20 59 0.0301136699953548
20 61 -0.0270019093242662
20 63 0.0244409240652261
20 65 -0.0222978662895362
20 67 0.0204793145375667
20 69 -0.0189176705790890
20 71 0.0175628231159806
20 73 -0.0163768437653752
20 75 0.0153305022602363
20 77 -0.0144009124007260
20 79 0.0135699027587052
20 81 -0.0128228645915615
20 83 0.0121479215427344
20 85 -0.0115353209766892
20 87 0.0109769808973600
20 89 -0.0104661479720687
20 91 0.00999713614093362
21 3 0.0639965436655672
21 5 -0.0389456336969815
21 7 0.0338255090318697
21 9 -0.0319604711440616
21 11 0.0313799478260637
21 13 -0.0315320860443919
21 15 0.0322174169394870
21 17 -0.0333690737232940
21 19 0.0349896334100196
21 21 -0.0371332145835861
21 23 0.0399074096783267
21 25 -0.0434907138052038
21 27 0.0481711996421945
21 29 -0.0544250908967421
21 31 0.0630837048907423
21 33 -0.0757248205022997
21 35 0.0957363632988514
21 37 -0.131934146773086
21 39 0.216651870168154
21 41 -0.640913643256482
21 42 1.00000000000000
21 43 -0.632465512701086
21 45 0.208181566043936
21 47 -0.123418981922775
21 49 0.0871525895497877
21 51 -0.0670470090792886
21 53 0.0542840063698976
21 55 -0.0454723085574034
21 57 0.0390295797449750
21 59 -0.0341183047531728
21 61 0.0302537522432242
21 63 -0.0271359631448798
21 65 0.0245694003597281
21 67 -0.0224211688605336
21 69 0.0205978063165169
21 71 -0.0190316788680418
21 73 0.0176726440238282
21 75 -0.0164827459816798
21 77 0.0154327302810574
21 79 -0.0144996892985719
21 81 0.0136654325712507
21 83 -0.0129153343899639
21 85 0.0122375032294082
21 87 -0.0116221728536206
21 89 0.0110612490389833
21 91 -0.0105479674310104
22 3 -0.0616668198207239
22 5 0.0374291681016945
22 7 -0.0324134265178413
22 9 0.0305262425861361
22 11 -0.0298616811488126
22 13 0.0298815616028261
22 15 -0.0303858064096105
22 17 0.0312993038899012
22 19 -0.0326093019733607
22 21 0.0343453770725657
22 23 -0.0365764985560102
22 25 0.0394190486733830
22 27 -0.0430570312733689
22 29 0.0477821336919515
22 31 -0.0540730425723843
22 33 0.0627628071343097
22 35 -0.0754304570922178
22 37 0.0954648423985139
22 39 -0.131682473440900
22 41 0.216417584119136
22 43 -0.640694700780448
22 44 1.00000000000000
22 45 -0.632670826247387
22 47 0.208374702139719
22 49 -0.123601179238251
22 51 0.0873249129271897
22 53 -0.0672103800688254
22 55 0.0544392274100978
22 57 -0.0456200823130190
22 59 0.0391705247134029
22 61 -0.0342529679654101
22 63 0.0303826196806912
22 65 -0.0272594683445291
22 67 0.0246879315702303
22 69 -0.0225350750307330
22 71 0.0207074021359973
22 73 -0.0191372490330670
22 75 0.0177744468662510
22 77 -0.0165810165708625
22 79 0.0155276830874005
22 81 -0.0145915204904350
22 83 0.0137543220037665
22 85 -0.0130014473336946
22 87 0.0123209918783525
22 89 -0.0117031776452862
22 91 0.0111398998137474
23 3 0.0595259314609416
23 5 -0.0360437668236031
23 7 0.0311315903852497
23 9 -0.0292333723291675
23 11 0.0285035790764391
23 13 -0.0284177893285807
23 15 0.0287770530353913
23 17 -0.0295012006601486
23 19 0.0305672939632086
23 21 -0.0319886095258368
23 23 0.0338090395650336
23 25 -0.0361060260956489
23 27 0.0390012610405535
23 29 -0.0426822321194608
23 31 0.0474430003880526
23 33 -0.0537639215883170
23 35 0.0624792503793099
23 37 -0.0751689072838702
23 39 0.0952224138170179
23 41 -0.131456795574829
23 43 0.216206687869398
23 45 -0.640496934130647
23 46 1.00000000000000
23 47 -0.632856861738825
23 49 0.208550199863536
23 51 -0.123767165097176
23 53 0.0874822747603777
23 55 -0.0673598909516266
23 57 0.0545815642874239
23 59 -0.0457558410369455
23 61 0.0393002322810242
23 63 -0.0343770925557096
23 65 0.0305015789456714
23 67 -0.0273736363042020
23 69 0.0247976443824324
23 71 -0.0226406358476043
23 73 0.0208090852140831
23 75 -0.0192353032296243
23 77 0.0178690986277945
23 79 -0.0166724724993194
23 81 0.0156161321530407
23 83 -0.0146771359479449
23 85 0.0138372630576679
23 87 -0.0130818605911747
23 89 0.0123990126210262
23 91 -0.0117789309461212
24 3 -0.0575508796284471
24 5 0.0347724584430527
24 7 -0.0299620746722323
24 9 0.0280611754507793
24 11 -0.0272807019269996
24 13 0.0271097810493366
24 15 -0.0273516729779163
24 17 0.0279232406868508
24 19 -0.0287947017120352
24 21 0.0299682533361515
24 23 -0.0314709958118771
24 25 0.0333550022727968
24 27 -0.0357028413289461
24 29 0.0386395685021678
24 31 -0.0423549631955319
24 33 0.0471446978226849
24 35 -0.0534902918274932
24 37 0.0622268598092597
24 39 -0.0749349705658337
24 41 0.0950046429431232
24 43 -0.131253290012340
24 45 0.216015853152943
24 47 -0.640317420556090
24 48 1.00000000000000
24 49 -0.633026205955177
24 51 0.208710364844105
24 53 -0.123919007705863
24 55 0.0876265410929450
24 57 -0.0674972343215080
24 59 0.0547125597405272
24 61 -0.0458809971638868
24 63 0.0394200009048030
24 65 -0.0344918767342860
24 67 0.0306117396269181
24 69 -0.0274794978947931
24 71 0.0248994994351548
24 73 -0.0227387490282526
24 75 0.0209036966759147
24 77 -0.0193266314977254
24 79 0.0179573430757593
24 81 -0.0167578154850030
24 83 0.0156987408677957
24 85 -0.0147571640239346
24 87 0.0139148519699977
24 89 -0.0131571408852669
24 91 0.0124721049905550
25 3 0.0557223247099850
25 5 -0.0336011346899008
25 7 0.0288901560779393
25 9 -0.0269928794044435
25 11 0.0261731059011447
25 13 -0.0259331298883359
25 15 0.0260790877570178
25 17 -0.0265262695631060
25 19 0.0272402753358246
25 21 -0.0282156333051365
25 23 0.0294679099886709
25 25 -0.0310321172032434
25 27 0.0329652856598826
25 29 -0.0353532365422451
25 31 0.0383232413322586
25 33 -0.0420666374973637
25 35 0.0468802226326034
25 37 -0.0532463476348768
25 39 0.0620007538882056
25 41 -0.0747244910243882
25 43 0.0948079525040942
25 45 -0.131068847302048
25 47 0.215842353426940
25 49 -0.640153750411622
25 50 1.00000000000000
25 51 -0.633181003635380
25 53 0.208857118351832
25 55 -0.124058438250985
25 57 0.0877592801917371
25 59 -0.0676238378290916
25 61 0.0548335192704154
25 63 -0.0459967494534913
25 65 0.0395309355517986
25 67 -0.0345983426301127
25 69 0.0307140503403074
25 71 -0.0275779362030187
25 73 0.0249943211588181
25 75 -0.0228301862933323
25 77 0.0209919607020293
25 79 -0.0194119149922748
25 81 0.0180398222984865
25 83 -0.0168376520355779
25 85 0.0157760832395309
25 87 -0.0148321489591523
25 89 0.0139876056464620
25 91 -0.0132277799581547
26 3 -0.0540238786734455
26 5 0.0325179647626445
26 7 -0.0279036224252983
26 9 0.0260147329647928
26 11 -0.0251646427599928
26 13 0.0248683407243930
26 15 -0.0249352354175948
26 17 0.0252799861085372
26 19 -0.0258650905826035
26 21 0.0266796951792065
26 23 -0.0277312762808743
26 25 0.0290430624133030
26 27 -0.0306548663898445
26 29 0.0326268686478586
26 31 -0.0350470361906739
26 33 0.0380441492034004
26 35 -0.0418106346588183
26 37 0.0466440952227358
26 39 -0.0530274886753740
26 41 0.0617970219581428
26 43 -0.0745341074090655
26 45 0.0946294249810784
26 47 -0.130900912748542
26 49 0.215683933970633
26 51 -0.640003919488432
26 52 1.00000000000000
26 53 -0.633323047868344
26 55 0.208992074068301
26 57 -0.124186916790628
26 59 0.0878818196459807
26 61 -0.0677409140970816
26 63 0.0549455551262415
26 65 -0.0461041220360805
26 67 0.0396339825933943
26 69 -0.0346973676681917
26 71 0.0308093271043511
26 73 -0.0276697123269970
26 75 0.0250828213391778
26 77 -0.0229156149882934
26 79 0.0210745044493192
26 81 -0.0194917444077876
26 83 0.0181170938067949
26 85 -0.0169125093740342
26 87 0.0158486587703454
26 89 -0.0149025648179266
26 91 0.0140559747508693
27 3 0.0524415565881761
27 5 -0.0315129487236373
27 7 0.0269922539554005
27 9 -0.0251153493158805
27 11 0.0242420911256921
27 13 -0.0238996459941635
27 15 0.0239009134179152
27 17 -0.0241605635473629
27 19 0.0246390414413917
27 21 -0.0253216805813521
27 23 0.0262101840425575
27 25 -0.0273194582641484
27 27 0.0286773872458994
27 29 -0.0303268379510527
27 31 0.0323300714592651
27 33 -0.0347765176113654
27 35 0.0377960129499448
27 37 -0.0415817650070768
27 39 0.0464319648425486
27 41 -0.0528300216018968
27 43 0.0616124938700223
27 45 -0.0743610717347011
27 47 0.0944666572541615
27 49 -0.130747368095203
27 51 0.215538714202051
27 53 -0.639866247324759
27 54 1.00000000000000
27 55 -0.633453849207623
27 57 0.209116597185565
27 59 -0.124305683281068
27 61 0.0879952908158384
27 63 -0.0678494997538124
27 65 0.0550496208394752
27 67 -0.0462039951756708
27 69 0.0397299573819442
27 71 -0.0347897094336346
27 73 0.0308982758788434
27 75 -0.0277554859082589
27 77 0.0251656179071631
27 79 -0.0229956153519610
27 81 0.0211518739840883
27 83 -0.0195666347330460
27 85 0.0181896442439229
27 87 -0.0169828482182823
27 89 0.0159169044041707
27 91 -0.0149688266887582
28 3 -0.0509633469192233
28 5 0.0305775727317401
28 7 -0.0261474288760829
28 9 0.0242852142835246
28 11 -0.0233945169516593
28 13 0.0230141495250709
28 15 -0.0229606040887737
28 17 0.0231490001742348
28 19 -0.0235384677845959
28 21 0.0241116251209663
28 23 -0.0248659974955011
28 25 0.0258105018193197
28 27 -0.0269645643632913
28 29 0.0283590341960465
28 31 -0.0300387981790575
28 33 0.0320675374859503
28 35 -0.0345357074251688
28 37 0.0375739022578614
28 39 -0.0413759006817123
28 41 0.0462403318981524
28 43 -0.0526509463887018
28 45 0.0614445723425911
28 47 -0.0742031154364295
28 49 0.0943176520495657
28 51 -0.130606442226772
28 53 0.215405113269767
28 55 -0.639739314474971
28 56 1.00000000000000
28 57 -0.633574689124593
28 59 0.209231850399856
28 61 -0.124415797506881
28 63 0.0881006637834842
28 65 -0.0679504862573938
28 67 0.0551465385975367
28 69 -0.0462971297352388
28 71 0.0398195662461018
28 73 -0.0348760255545986
28 75 0.0309815106292761
28 77 -0.0278358316209686
28 79 0.0252432500557745
28 81 -0.0230706944313585
28 83 0.0212245471385526
28 85 -0.0196370371713585
28 87 0.0182579004737976
28 89 -0.0170490731269187
28 91 0.0159812042072232
29 3 0.0495788714886072
29 5 -0.0297045398868601
29 7 0.0253618196319499
29 9 -0.0235163130620195
29 11 0.0226127954129642
29 13 -0.0222011968493334
29 15 0.0221016260495804
29 17 -0.0222299509195345
29 19 0.0225445111081718
29 21 -0.0230259903537269
29 23 0.0236688575803587
29 25 -0.0244776498335473
29 27 0.0254656770802271
29 29 -0.0266552474075061
29 31 0.0280791730158954
29 33 -0.0297837209183881
29 35 0.0318335688920065
29 37 -0.0343199086217394
29 39 0.0373738894370626
29 41 -0.0411897158222350
29 43 0.0460663486845288
29 45 -0.0524878004998786
29 47 0.0612911089584707
29 49 -0.0740583491335314
29 51 0.0941807357587746
29 53 -0.130476642918797
29 55 0.215281792703185
29 57 -0.639621913801150
29 58 1.00000000000000
29 59 -0.633686661784846
29 61 0.209338830065960
29 63 -0.124518170629394
29 65 0.0881987750925570
29 67 -0.0680446444576988
29 69 0.0552370211336022
29 71 -0.0463841868022531
29 73 0.0399034241841478
29 75 -0.0349568897358687
29 77 0.0310595679258777
29 79 -0.0279112525238511
29 81 0.0253161905019200
29 83 -0.0231412973858026
29 85 0.0212929439694007
29 87 -0.0197033488492418
29 89 0.0183222386218057
29 91 -0.0171115409426727
30 3 -0.0482791139017562
30 5 0.0288875579313215
30 7 -0.0246291563508174
30 9 0.0228018432953896
30 11 -0.0218892484693286
30 13 0.0214519049017034
30 15 -0.0213135105352665
30 17 0.0213908836062448
30 19 -0.0216419501191033
30 21 0.0220460229436145
30 23 -0.0225953168814655
30 25 0.0232911232107284
30 27 -0.0241422532461423
30 29 0.0251648207696370
30 31 -0.0263830438174594
30 33 0.0278310773225617
30 35 -0.0295561578618074
30 37 0.0316236795967147
30 39 -0.0341253742020767
30 41 0.0371928052211810
30 43 -0.0410204998240259
30 45 0.0459076737846461
30 47 -0.0523385433780079
30 49 0.0611503110787195
30 51 -0.0739251865460219
30 53 0.0940544954463202
30 55 -0.130356704068684
30 57 0.215167611731050
30 59 -0.639513012265819
30 60 1.00000000000000
30 61 -0.633790707015726
30 63 0.209438394881007
30 65 -0.124613590335355
30 67 0.0882903499540302
30 69 -0.0681326443325740
30 71 0.0553216893745065
30 73 -0.0464657435582209
30 75 0.0399820692090813
30 77 -0.0350328047890164
30 79 0.0311329188329414
30 81 -0.0279821909543084
30 83 0.0253848555078610
30 85 -0.0232078167394066
30 87 0.0213574353296400
30 89 -0.0197659207831414
30 91 0.0183829915013312
31 3 0.0470562007998028
31 5 -0.0281211702057829
31 7 0.0239440406758233
31 9 -0.0221359919879383
31 11 0.0212173666210170
31 13 -0.0207588058303486
31 15 0.0205875359047207
31 17 -0.0206214591490967
31 19 0.0208183602092423
31 21 -0.0211565929869023
31 23 0.0216267011597278
31 25 -0.0222275440130824
31 27 0.0229645755341236
31 29 -0.0238493376008018
31 31 0.0248998040022892
31 33 -0.0261415003700501
31 35 0.0276095258113311
31 37 -0.0293518145160573
31 39 0.0314342864781277
31 41 -0.0339490767206647
31 43 0.0370280630041049
31 45 -0.0408660206735343
31 47 0.0457623639489934
31 49 -0.0522014695599898
31 51 0.0610206710295310
31 53 -0.0738022860327219
31 55 0.0939377300153162
31 57 -0.130245544462929
31 59 0.215061592122379
31 61 -0.639411720679021
31 62 1.00000000000000
31 63 -0.633887636555994
31 65 0.209531288836917
31 67 -0.124702741049944
31 69 0.0883760201646948
31 71 -0.0682150709698634
31 73 0.0554010867769024
31 75 -0.0465423062066718
31 77 0.0400559740642820
31 79 -0.0351042132982414
31 81 0.0312019786605580
31 83 -0.0280490374800787
31 85 0.0254496131291821
31 87 -0.0232706000072724
31 89 0.0214183499429874
31 91 -0.0198250644620989
32 3 -0.0459032242668607
32 5 0.0274006198663690
32 7 -0.0233017978377799
32 9 0.0215137602089870
32 11 -0.0205915928212368
32 13 0.0201155737942481
32 15 -0.0199163753326175
32 17 0.0199130691863375
32 19 -0.0200634962488980
32 21 0.0203453556927144
32 23 -0.0207479495883111
32 25 0.0212682986745784
32 27 -0.0219093199451459
32 29 0.0226791290093074
32 31 -0.0235910807516036
32 33 0.0246644234899769
32 35 -0.0259256031378461
32 37 0.0274103987516659
32 39 -0.0291672570320809
32 41 0.0312624910975613
32 43 -0.0337885422201621
32 45 0.0368775300392707
32 47 -0.0407244233094782
32 49 0.0456287926315973
32 51 -0.0520751424552331
32 53 0.0609009115750627
32 55 -0.0736885051639833
32 57 0.0938294119528050
32 59 -0.130142235243257
32 61 0.214962890265491
32 63 -0.639317269534571
32 64 1.00000000000000
32 65 -0.633978155130549
32 67 0.209618159733279
32 69 -0.124786220307749
32 71 0.0884563386737366
32 73 -0.0682924376031240
32 75 0.0554756910555419
32 77 -0.0466143205778534
32 79 0.0401255558569481
32 81 -0.0351715064095920
32 83 0.0312671150162205
32 85 -0.0281121383032009
32 87 0.0255107900474751
32 89 -0.0233299560220389
32 91 0.0214759802801338
33 3 0.0448140965887056
33 5 -0.0267217399332079
33 7 0.0226983580670206
33 9 -0.0209308240126038
33 11 0.0200071528760645
33 13 -0.0195168129750706
33 15 0.0192938267619182
33 17 -0.0192584863103299
33 19 0.0193688323272036
33 21 -0.0196021359699130
33 23 0.0199467779866136
33 25 -0.0203983796021053
33 27 0.0209579202362201
33 29 -0.0216309134890372
33 31 0.0224272436539413
33 33 -0.0233615089632282
33 35 0.0244538554876064
33 37 -0.0257313924341912
33 39 0.0272303988093394
33 41 -0.0289997047986849
33 43 0.0311059222568992
33 45 -0.0336417283988917
33 47 0.0367394315251645
33 49 -0.0405941529304247
33 51 0.0455055877977937
33 53 -0.0519583432614735
33 55 0.0607899434630444
33 57 -0.0735828650584717
33 59 0.0937286570743182
33 61 -0.130045974004521
33 63 0.214870774805855
33 65 -0.639228989553463
33 66 1.00000000000000
33 67 -0.634062877501363
33 69 0.209699574220326
33 71 -0.124864552107029
33 73 0.0885317915066888
33 75 -0.0683651963160624
33 77 0.0555459238414303
33 79 -0.0466821808839519
33 81 0.0401911840297819
33 83 -0.0352350311191755
33 85 0.0313286544939043
33 87 -0.0281718014214545
33 89 0.0255686772650498
33 91 -0.0233861602140190
34 3 -0.0437834306555237
34 5 0.0260808635853298
34 7 -0.0221301607428372
34 9 0.0203834231002817
34 11 -0.0194599210297614
34 13 0.0189578913345294
34 15 -0.0187146034992231
34 17 0.0186515960985394
34 19 -0.0187272137088139
34 21 0.0189184696353146
34 23 -0.0192130646785524
34 25 0.0196055495269535
34 27 -0.0200954105156314
34 29 0.0206861622407013
34 31 -0.0213850451099486
34 33 0.0222031573054755
34 35 -0.0231559735280665
34 37 0.0242642874074494
34 39 -0.0255556962346105
34 41 0.0270668533947500
34 43 -0.0288468807128797
34 45 0.0309626203791758
34 47 -0.0335069337843316
34 49 0.0366122781411483
34 51 -0.0404738963627915
34 53 0.0453915838733565
34 55 -0.0518500311223541
34 57 0.0606868320324113
34 59 -0.0734845221192468
34 61 0.0936347003821630
34 63 -0.129956063999869
34 65 0.214784608594114
34 67 -0.639146295899324
34 68 1.00000000000000
34 69 -0.634142342362405
34 71 0.209776030107161
34 73 -0.124938197876115
34 75 0.0886028075895647
34 77 -0.0684337468881876
34 79 0.0556121586843739
34 81 -0.0467462369911558
34 83 0.0402531869968359
34 85 -0.0352950963521537
34 87 0.0313868882634012
34 89 -0.0282283017852094
34 91 0.0256235348782011
35 3 0.0428064408507710
35 5 -0.0254747504604961
35 7 0.0215940763288541
35 9 -0.0198682709523977
35 11 0.0189463124751463
35 13 -0.0184348089678299
35 15 0.0181741701017419
35 17 -0.0180871894219798
35 19 0.0181325902873816
35 21 -0.0182872565799388
35 23 0.0185383927483700
35 25 -0.0188797282838326
35 27 0.0193095904134037
35 29 -0.0198299425028387
35 31 0.0204459863202087
35 33 -0.0211661482802188
35 35 0.0220023828893993
35 37 -0.0229707975162339
35 39 0.0240926626445930
35 41 -0.0253959413266770
35 43 0.0269175718711132
35 45 -0.0287069011321118
35 47 0.0308309512311883
35 49 -0.0333827290384115
35 51 0.0364948105804595
35 53 -0.0403625366991976
35 55 0.0452857842116637
35 57 -0.0517493117379239
35 59 0.0605907707016006
35 61 -0.0733927454372916
35 63 0.0935468766432821
35 65 -0.129871897316324
35 67 0.214703834006010
35 69 -0.639068675282786
35 70 1.00000000000000
35 71 -0.634217023739052
35 73 0.209847966497710
35 75 -0.125007565535396
35 77 0.0886697668922014
35 79 -0.0684984441477704
35 81 0.0556747277221304
35 83 -0.0468068004941042
35 85 0.0403118576981987
35 87 -0.0353519780610348
35 89 0.0314420767660847
35 91 -0.0282818856366829
36 3 -0.0418788604250975
36 5 0.0249005257081366
36 7 -0.0210873423418525
36 9 0.0193824817296051
36 11 -0.0184631966780868
36 13 0.0179440929106224
36 15 -0.0176686124972538
36 17 0.0175607997529940
36 19 -0.0175798100736633
36 21 0.0177024952254703
36 23 -0.0179157040755043
36 25 0.0182125358300648
36 27 -0.0185904125393071
36 29 0.0190500833322520
36 31 -0.0195951611688363
36 33 0.0202320073908400
36 35 -0.0209698856404990
36 37 0.0218213689752209
36 39 -0.0228030309722306
36 41 0.0239364997075805
36 43 -0.0252500167906850
36 45 0.0267807405294911
36 47 -0.0285781936862865
36 49 0.0307095406079851
36 51 -0.0332679043201862
36 53 0.0363859565865892
36 55 -0.0402591178199213
36 57 0.0451873314813184
36 59 -0.0516554124039982
36 61 0.0605010597368339
36 63 -0.0733068985790857
36 65 0.0934646046443770
36 67 -0.129792941164065
36 69 0.214627960922139
36 71 -0.638995675356741
36 72 1.00000000000000
36 73 -0.634287340399183
36 75 0.209915772188572
36 77 -0.125073017029652
36 79 0.0887330072169424
36 81 -0.0685596041180261
36 83 0.0557339272685792
36 85 -0.0468641498170237
36 87 0.0403674582740557
36 89 -0.0354059235235723
36 91 0.0314944536800943
37 3 0.0409968722264220
37 5 -0.0243556292800852
37 7 0.0206075104828339
37 9 -0.0189235103883327
37 11 0.0180078269441864
37 13 -0.0174827123800427
37 15 0.0171945342650011
37 17 -0.0170685744705521
37 19 0.0170644574873512
37 21 -0.0171590768489657
37 23 0.0173390345155256
37 25 -0.0175969469171225
37 27 0.0179295260683053
37 29 -0.0183365635706865
37 31 0.0188204224647173
37 33 -0.0193858501846554
37 35 0.0200400271670730
37 37 -0.0207928222013401
37 39 0.0216572644461729
37 41 -0.0226502773149403
37 43 0.0237937613966669
37 45 -0.0251161735246822
37 47 0.0266548440953598
37 49 -0.0284594350071366
37 51 0.0305972242387213
37 53 -0.0331614284720652
37 55 0.0362847973119591
37 57 -0.0401628163661214
37 59 0.0450954840862689
37 61 -0.0515676619926818
37 63 0.0604170891119480
37 65 -0.0732264247966678
37 67 0.0933873743369933
37 69 -0.129718726627573
37 71 0.214556556822198
37 73 -0.638926895941735
37 74 1.00000000000000
37 75 -0.634353663668814
37 77 0.209979792666552
37 79 -0.125134874623579
37 81 0.0887928298884246
37 83 -0.0686175091814933
37 85 0.0557900225201114
37 87 -0.0469185345190254
37 89 0.0404202240171575
37 91 -0.0354571549835524
38 3 -0.0401570503205700
38 5 0.0238377734973000
38 7 -0.0201524027136320
38 9 0.0184891032933710
38 11 -0.0175777827713141
38 13 0.0170480099496319
38 15 -0.0167489731133518
38 17 0.0166071721355065
38 19 -0.0165827254877951
38 21 0.0166526245763717
38 23 -0.0168033088324467
38 25 0.0170270268054970
38 27 -0.0173199318869497
38 29 0.0176810558568280
38 31 -0.0181117702945869
38 33 0.0186155488467108
38 35 -0.0191979407993794
38 37 0.0198667189906653
38 39 -0.0206321987002967
38 41 0.0215077515482288
38 43 -0.0225105677136848
38 45 0.0236627584690288
38 47 -0.0249929491042547
38 49 0.0265386062146395
38 51 -0.0283495029308910
38 53 0.0304930089098308
38 55 -0.0330624170299062
38 57 0.0361905407131637
38 59 -0.0400729193955570
38 61 0.0450095972288298
38 63 -0.0514854747677378
38 65 0.0603383245677684
38 67 -0.0731508349324143
38 69 0.0933147362721708
38 71 -0.129648839378147
38 73 0.214489238572430
38 75 -0.638861981723632
38 76 1.00000000000000
38 77 -0.634416323958872
38 79 0.210040335970733
38 81 -0.125193426191005
38 83 0.0888495045465081
38 85 -0.0686724124408827
38 87 0.0558432515385313
38 89 -0.0469701789449380
38 91 0.0404703667306644
39 3 0.0393563105456494
39 5 -0.0233449073505217
39 7 0.0197200745532818
39 9 -0.0180772572326480
39 11 0.0171709223494984
39 13 -0.0166376452583851
39 15 0.0163293330976275
39 17 -0.0161736798067515
39 19 0.0161313135452311
39 21 -0.0161793661048435
39 23 0.0163041802044826
39 25 -0.0164977266471169
39 27 0.0167557187085377
39 29 -0.0170765821322533
39 31 0.0174608963607266
39 33 -0.0179111208500225
39 35 0.0184315146788431
39 37 -0.0190282073979924
39 39 0.0197094091841867
39 41 -0.0204857707560175
39 43 0.0213709250269940
39 45 -0.0223822685362975
39 47 0.0235420775549693
39 49 -0.0248791107752438
39 51 0.0264309437400212
39 53 -0.0282474393746132
39 55 0.0303960419665134
39 57 -0.0329701068996925
39 59 0.0361025003177827
39 61 -0.0399888064170331
39 63 0.0449291075808436
39 65 -0.0514083372031600
39 67 0.0602642961947244
39 69 -0.0730796974624630
39 71 0.0932462928626928
39 73 -0.129582911960269
39 75 0.214425665578195
39 77 -0.638800616143414
39 78 1.00000000000000
39 79 -0.634475616244258
39 81 0.210097677628231
39 83 -0.125248929680498
39 85 0.0889032732030237
39 87 -0.0687245414185987
39 89 0.0558938286370726
39 91 -0.0470192853350271
40 3 -0.0385918684366281
40 5 0.0228751863138957
40 7 -0.0193087842399464
40 9 0.0176861852052798
40 11 -0.0167853431757389
40 13 0.0162495486604486
40 15 -0.0159333292130003
40 17 0.0157655459695824
40 19 -0.0157073455466467
40 21 0.0157360321752025
40 23 -0.0158379033803384
40 25 0.0160047233724187
40 27 -0.0162318587946236
40 29 0.0165172500611633
40 31 -0.0168608397628007
40 33 0.0172642735449821
40 35 -0.0177307806393818
40 37 0.0182651888167648
40 39 -0.0188740562405596
40 41 0.0195659218307436
40 43 -0.0203516923818950
40 45 0.0212452030454158
40 47 -0.0222640120622446
40 49 0.0234305264393000
40 51 -0.0247736116382631
40 53 0.0263309312009275
40 55 -0.0281524211904581
40 57 0.0303055871493116
40 59 -0.0328838361280120
40 61 0.0360200781345955
40 63 -0.0399099348316076
40 65 0.0448535207841154
40 67 -0.0513357971734828
40 69 0.0601945890211055
40 71 -0.0730126302501315
40 73 0.0931816911144981
40 75 -0.129520617349343
40 77 0.214365534044253
40 79 -0.638742516258259
40 80 1.00000000000000
40 81 -0.634531804686139
40 83 0.210152064829907
40 85 -0.125301616903126
40 87 0.0889543536909433
40 89 -0.0687741012090774
40 91 0.0559419472714151
41 3 0.0378612032628674
41 5 -0.0224269466981443
41 7 0.0189169666879111
41 9 -0.0173142877062571
41 11 0.0164193492048004
41 13 -0.0158818828190219
41 15 0.0155589417967054
41 17 -0.0153805257334772
41 19 0.0153083032261209
41 21 -0.0153197749044384
41 23 0.0154012335210329
41 25 -0.0155442931711656
41 27 0.0157440481306768
41 29 -0.0159980490110950
41 31 0.0163057236523688
41 33 -0.0166680601553903
41 35 0.0170874589934522
41 37 -0.0175677070419093
41 39 0.0181140523535390
41 41 -0.0187333754429442
41 43 0.0194344663251177
41 45 -0.0202284300974439
41 47 0.0211292604657554
41 49 -0.0221546438615197
41 51 0.0233270919818089
41 53 -0.0246755565730259
41 55 0.0262377728897991
41 57 -0.0280637370565048
41 59 0.0302210052750566
41 61 -0.0328030276052036
41 63 0.0359427507907048
41 65 -0.0398358280481400
41 67 0.0447824011879747
41 69 -0.0512674550318538
41 71 0.0601288352073322
41 73 -0.0729492936761598
41 75 0.0931206165469623
41 77 -0.129461663542987
41 79 0.214308572139308
41 81 -0.638687428398532
41 82 1.00000000000000
41 83 -0.634585126549704
41 85 0.210203719979070
41 87 -0.125351696759399
41 89 0.0890029426095301
41 91 -0.0688212771761085
42 3 -0.0371620271615697
42 5 0.0219986837622091
42 7 -0.0185432113875347
42 9 0.0169601284997662
42 11 -0.0160714232996049
42 13 0.0155330106945179
42 15 -0.0152043787654411
42 17 0.0150166357515113
42 19 -0.0149319717917857
42 21 0.0149281015807864
42 23 -0.0149913448481581
42 25 0.0151132106116884
42 27 -0.0152885801535824
42 29 0.0155146904501355
42 31 -0.0157905514142726
42 33 0.0161166166160474
42 35 -0.0164946146961538
42 37 0.0169274932110177
42 39 -0.0174194513553757
42 41 0.0179760534235489
42 43 -0.0186044262643596
42 45 0.0193135544345174
42 47 -0.0201146985777150
42 49 0.0210219781575748
42 51 -0.0220531823084376
42 53 0.0232309073737980
42 55 -0.0245841754509633
42 57 0.0261507807148810
42 59 -0.0279807689868907
42 61 0.0301417386608334
42 63 -0.0327271758339743
42 65 0.0358700582042847
42 67 -0.0397660657157434
42 69 0.0447153633695727
42 71 -0.0512029562016917
42 73 0.0600667075351558
42 75 -0.0728893848848022
42 77 0.0930627880812412
42 79 -0.129405788997544
42 81 0.214254535902971
42 83 -0.638635124480621
42 84 1.00000000000000
42 85 -0.634635795539443
42 87 0.210252843720265
42 89 -0.125399357999888
42 91 0.0890492178493368
43 3 0.0364922585397327
43 5 -0.0215890329527645
43 7 0.0181862435654254
43 9 -0.0166224140796700
43 11 0.0157402040058280
43 13 -0.0152014687140768
43 15 0.0148680441560876
43 17 -0.0146721169018217
43 19 0.0145763952136997
43 21 -0.0145588206038034
43 23 0.0146057647100102
43 25 -0.0147086675272750
43 27 0.0148622450826208
43 29 -0.0150634818645884
43 31 0.0153110472360881
43 33 -0.0156049579112710
43 35 0.0159463943270654
43 37 -0.0163376221015923
43 39 0.0167819934911130
43 41 -0.0172840180856160
43 43 0.0178495019581148
43 45 -0.0184857629002726
43 47 0.0192019381367605
43 49 -0.0200094117413010
43 51 0.0209224039788864
43 53 -0.0219587870627105
43 55 0.0231412263840526
43 57 -0.0244988018689214
43 59 0.0260693564683123
43 61 -0.0279029774135060
43 63 0.0300672984678241
43 65 -0.0326558361088455
43 67 0.0358015942663318
43 69 -0.0397002756449279
43 71 0.0446520650851887
43 73 -0.0511419849902687
43 75 0.0600079139477529
43 77 -0.0728326329398482
43 79 0.0930079537215204
43 81 -0.129352758759693
43 83 0.214203205765551
43 85 -0.638585398862969
43 86 1.00000000000000
43 87 -0.634684004650511
43 89 0.210299617534841
43 91 -0.125444771596259
44 3 -0.0358499990678439
44 5 0.0211967537595511
44 7 -0.0178449080544269
44 9 0.0162999761756781
44 11 -0.0154244658757889
44 13 0.0148859441661601
44 15 -0.0145485117715522
44 17 0.0143454032110945
44 19 -0.0142398392228892
44 21 0.0142099970421001
44 23 -0.0142423197552613
44 25 0.0143282072875151
44 27 -0.0144622489883220
44 29 0.0146412262538220
44 31 -0.0148635301742083
44 33 0.0151288187797438
44 35 -0.0154378225530536
44 37 0.0157922492276024
44 39 -0.0161947618222282
44 41 0.0166490173880953
44 43 -0.0171597629300619
44 45 0.0177329920165986
44 47 -0.0183761723501781
44 49 0.0190985623557781
44 51 -0.0199116450870908
44 53 0.0208297223864428
44 55 -0.0218707342666111
44 57 0.0230574029019731
44 59 -0.0244188561124953
44 61 0.0259929775101017
44 63 -0.0278298890556916
44 65 0.0299972543432082
44 67 -0.0325886156073200
44 69 0.0357369991265095
44 71 -0.0396381270856343
44 73 0.0445922013780727
44 75 -0.0510842593951304
44 77 0.0599521929478942
44 79 -0.0727787947269763
44 81 0.0929558868893192
44 83 -0.129302361172744
44 85 0.214154383576300
44 87 -0.638538065654243
44 88 1.00000000000000
44 89 -0.634729928616059
44 91 0.210344205973862
45 3 0.0352335137089363
45 5 -0.0208207157684531
45 7 0.0175181554270798
45 9 -0.0159917567885953
45 11 0.0151231027219155
45 13 -0.0145852560609700
45 15 0.0142445029875205
45 17 -0.0140350958315791
45 19 0.0139207605095789
45 21 -0.0138799158658289
45 23 0.0138990916927581
45 25 -0.0139696711494802
45 27 0.0140861482216352
45 29 -0.0142451413408599
45 31 0.0144448137770591
45 33 -0.0146845278976983
45 35 0.0149646429406160
45 37 -0.0152864074015103
45 39 0.0156519194152068
45 41 -0.0160641414251737
45 43 0.0165269637129555
45 45 -0.0170453174731971
45 47 0.0176253435413958
45 49 -0.0182746286823135
45 51 0.0190025285544263
45 53 -0.0198206063490248
45 55 0.0207432305111869
45 57 -0.0217883968342248
45 59 0.0229788745406991
45 61 -0.0243438313933346
45 63 0.0259211851201629
45 65 -0.0277610869856549
45 67 0.0299312258856974
45 69 -0.0325251660087072
45 71 0.0356759527690570
45 73 -0.0395793251029729
45 75 0.0445354996269966
45 77 -0.0510295267221200
45 79 0.0598993097007872
45 81 -0.0727276514716223
45 83 0.0929063832984885
45 85 -0.129254405060467
45 87 0.214107890055543
45 89 -0.638492956399616
45 90 1.00000000000000
45 91 -0.634773726015776
46 3 -0.0346412133233700
46 5 0.0204598865691949
46 7 -0.0172050300286097
46 9 0.0156967953361397
46 11 -0.0148351133010799
46 13 0.0142983388498619
46 15 -0.0139548679707678
46 17 0.0137399411353794
46 19 -0.0136177809387395
46 21 0.0135670513475833
46 23 -0.0135743806994289
46 25 0.0136311541716150
46 27 -0.0137317959021093
46 29 0.0138727941245812
46 31 -0.0140521254071131
46 33 0.0142689076037769
46 35 -0.0145231922323694
46 37 0.0148158476327297
46 39 -0.0151485059834325
46 41 0.0155235596892332
46 43 -0.0159442004075160
46 45 0.0164144994367160
46 47 -0.0169395327009394
46 49 0.0175255580458739
46 51 -0.0181802577935078
46 53 0.0189130663580622
46 55 -0.0197356123848739
46 57 0.0206623191373147
46 59 -0.0217112286451273
46 61 0.0229051493843538
46 63 -0.0242732826450026
46 65 0.0258535749528372
46 67 -0.0276962024374457
46 69 0.0298688755693900
46 71 -0.0324651773425170
46 73 0.0356181696332508
46 75 -0.0395236058466638
46 77 0.0444817153645848
46 79 -0.0509775598706538
46 81 0.0598490527187725
46 83 -0.0726790057671144
46 85 0.0928592582801061
46 87 -0.129208717309612
46 89 0.214063562601845
46 91 -0.638449918084638
46 92 1.00000000000000
