20 40
1 2 1.00000000000000
2 3 -0.921317731923561
2 4 1.00000000000000
2 5 -0.531923040535244
2 7 0.145673124078944
2 9 -0.0778655601092025
2 11 0.0512984419228811
2 13 -0.0375056326012815
2 15 0.0291910757634743
2 17 -0.0236880391083422
2 19 0.0198045178104204
2 21 -0.0169325054558135
2 23 0.0147313260861276
2 25 -0.0129961425389184
2 27 0.0115968272712912
2 29 -0.0104469811300552
2 31 0.00948712048299874
2 33 -0.00867503164469003
2 35 0.00797997582805023
2 37 -0.00737906916123277
2 39 0.00685494470971408
3 3 0.412025815491402
3 5 -0.713649646461108
3 6 1.00000000000000
3 7 -0.586323014283504
3 9 0.174112685510273
3 11 -0.0963537147546851
3 13 0.0646959682560325
3 15 -0.0478670351452151
3 17 0.0375591738599480
3 19 -0.0306583255977959
3 21 0.0257463185954378
3 23 -0.0220893417888934
3 25 0.0192715396234188
3 27 -0.0170405646955543
3 29 0.0152348869346485
3 31 -0.0137465724093438
3 33 0.0125009078548927
3 35 -0.0114446238769674
3 37 0.0105387737113787
3 39 -0.00975425967913298
4 3 -0.286096336205338
4 5 0.275296327870529
4 7 -0.678537039478621
4 8 1.00000000000000
4 9 -0.604488839515453
4 11 0.185846262099247
4 13 -0.104819448624943
4 15 0.0712225659438631
4 17 -0.0531254748603206
4 19 0.0419310480488114
4 21 -0.0343795085348136
4 23 0.0289719052101130
4 25 -0.0249262938236442
4 27 0.0217964765420390
4 29 -0.0193100943132604
4 31 0.0172919198906920
4 33 -0.0156243488725767
4 35 0.0142256584152484
4 37 -0.0130373820860956
4 39 0.0120166435116248
5 3 0.224778510448245
5 5 -0.181686306921472
5 7 0.248784221726744
5 9 -0.664903800669054
5 10 1.00000000000000
5 11 -0.613261376879900
5 13 0.192159185355750
5 15 -0.109677155923030
5 17 0.0751307670549763
5 19 -0.0563710885963743
5 21 0.0446910809962284
5 23 -0.0367701575553214
5 25 0.0310731943068609
5 27 -0.0267954776085876
5 29 0.0234758116869703
5 31 -0.0208315835357175
5 33 0.0186803336415371
5 35 -0.0168992200142062
5 37 0.0154026396728036
5 39 -0.0141291944427215
6 3 -0.187528163006407
6 5 0.139203559790210
6 7 -0.160114352542446
6 9 0.237735337269432
6 11 -0.657812002819755
6 12 1.00000000000000
6 13 -0.618356006156083
6 15 0.196074497001496
6 17 -0.112824141708986
6 19 0.0777422437754827
6 21 -0.0585905014789165
6 23 0.0466124937121684
6 25 -0.0384582915432057
6 27 0.0325743189624642
6 29 -0.0281437183931236
6 31 0.0246969975254845
6 33 -0.0219456955436853
6 35 0.0197031204672261
6 37 -0.0178432964549325
6 39 0.0162782538000849
7 3 0.162154108054847
7 5 -0.114424099699152
7 7 0.120868702445788
7 9 -0.150749757778688
7 11 0.231735287437179
7 13 -0.653506957356401
7 14 1.00000000000000
7 15 -0.621661534819591
7 17 0.198729536681538
7 19 -0.115026190988322
7 21 0.0796128766629411
7 23 -0.0602093786698714
7 25 0.0480343907418283
7 27 -0.0397223453949866
7 29 0.0337093804729087
7 31 -0.0291716147725232
7 33 0.0256346077051110
7 35 -0.0228063185447966
7 37 0.0204974056372025
7 39 -0.0185798927584545
8 3 -0.143601105435645
8 5 0.0979823435845063
8 7 -0.0983897563338355
8 9 0.112696150582464
8 11 -0.145520412077675
8 13 0.227986670053701
8 15 -0.650630609032810
8 16 1.00000000000000
8 17 -0.623970660440366
8 19 0.200643910192424
8 21 -0.116651908056582
8 23 0.0810194162104868
8 25 -0.0614444918400812
8 27 0.0491321812267734
8 29 -0.0407079443594634
8 31 0.0346017948340362
8 33 -0.0299855383087899
8 35 0.0263816147671835
8 37 -0.0234956752896938
8 39 0.0211366360885586
9 3 0.129362568633044
9 5 -0.0861779005654031
9 7 0.0836755283557378
9 9 -0.0911094377356890
9 11 0.108042502343277
9 13 -0.142186858769382
9 15 0.225430144899347
9 17 -0.648579060575304
9 18 1.00000000000000
9 19 -0.625670950734687
9 21 0.202087453087029
9 23 -0.117900568504135
9 25 0.0821156963885300
9 27 -0.0624187367217013
9 29 0.0500067457711042
9 31 -0.0414997315588282
9 33 0.0353238690537558
9 35 -0.0306481883479426
9 37 0.0269930761201734
9 39 -0.0240626340066925
10 3 -0.118042760951877
10 5 0.0772389557863134
10 7 -0.0732210895424562
10 9 0.0770906276451121
10 11 -0.0869037576852234
10 13 0.105031559739295
10 15 -0.139878714152668
10 17 0.223578510959634
10 19 -0.647044846276154
10 20 1.00000000000000
10 21 -0.626973227046067
10 23 0.203213726357948
10 25 -0.118889255315209
10 27 0.0829942175869146
10 29 -0.0632072884698409
10 31 0.0507205956829786
10 33 -0.0421506779025864
10 35 0.0359212020327051
10 37 -0.0311993430784508
10 39 0.0275040880745385
11 3 0.108798053522651
11 5 -0.0702045367225639
11 7 0.0653694342836517
11 9 -0.0671950622683129
11 11 0.0732444675375323
11 13 -0.0841514864563351
11 15 0.102922432522428
11 17 -0.138187180598313
11 19 0.222177243351029
11 21 -0.645855619011647
11 22 1.00000000000000
11 23 -0.628001586193404
11 25 0.204116354237341
11 27 -0.119691226429456
11 29 0.0837139965102384
11 31 -0.0638588314978116
11 33 0.0513146861670260
11 35 -0.0426958057691155
11 37 0.0364241611227581
11 39 -0.0316656477207690
12 3 -0.101086265703898
12 5 0.0645055703697844
12 7 -0.0592316438425666
12 9 0.0598034412879864
12 11 -0.0636445002261219
12 13 0.0707047087319300
12 15 -0.0822057685672753
12 17 0.101362296590256
12 19 -0.136894987309690
12 21 0.221080739750754
12 23 -0.644907551254644
12 24 1.00000000000000
12 25 -0.628833657794406
12 27 0.204855575315680
12 29 -0.120354638515107
12 31 0.0843144785376801
12 33 -0.0644063331820670
12 35 0.0518170402440551
12 37 -0.0431592795659235
12 39 0.0368538411633323
13 3 0.0945419125552180
13 5 -0.0597822556790245
13 7 0.0542862544304845
13 9 -0.0540516909371447
13 11 0.0565006892073281
13 13 -0.0612827777311184
13 15 0.0688958226263666
13 17 -0.0807556178469639
13 19 0.100161375932870
13 21 -0.135876055636003
13 23 0.220199829893081
13 25 -0.644134485049767
13 26 1.00000000000000
13 27 -0.629520409157304
13 29 0.205471860860606
13 31 -0.120912434566297
13 33 0.0848230365388261
13 35 -0.0648729354960336
13 37 0.0522475133358507
13 39 -0.0435583518035683
14 3 -0.0889090090798989
14 5 0.0557952612235462
14 7 -0.0502062452144771
14 9 0.0494354127023506
14 11 -0.0509600261296806
14 13 0.0542905316041070
14 15 -0.0595903288049777
14 17 0.0675392334694074
14 19 -0.0796323204985891
14 21 0.0992084020202576
14 23 -0.135052238918178
14 25 0.219476918893317
14 27 -0.643492328026640
14 28 1.00000000000000
14 29 -0.630096645791759
14 31 0.205993385002903
14 33 -0.121387903302475
14 35 0.0852592638389405
14 37 -0.0652753726860545
14 39 0.0526205840613052
15 3 0.0840025456555957
15 5 -0.0523788037346218
15 7 0.0467756288161764
15 9 -0.0456397128442627
15 11 0.0465259656108663
15 13 -0.0488806378912648
15 15 0.0526985065780334
15 17 -0.0583144109562073
15 19 0.0664828499870329
15 21 -0.0787361940184755
15 23 0.0984337851349412
15 25 -0.134372543554724
15 27 0.218873181924481
15 29 -0.642950592156906
15 30 1.00000000000000
15 31 -0.630586925446641
15 33 0.206440352788898
15 35 -0.121797969174265
15 37 0.0856375555851035
15 39 -0.0656260511755484
16 3 -0.0796852538699539
16 5 0.0494141770516883
16 7 -0.0438457202794574
16 9 0.0424574697624368
16 11 -0.0428893484326618
16 13 0.0445606925835195
16 15 -0.0473762184538256
16 17 0.0514929452980662
16 19 -0.0573163740655894
16 21 0.0656362845530275
16 23 -0.0780044651149802
16 25 0.0977917570719102
16 27 -0.133802290816816
16 29 0.218361512046493
16 31 -0.642487538841901
16 32 1.00000000000000
16 33 -0.631009059157300
16 35 0.206827624373617
16 37 -0.122155224188757
16 39 0.0859687256925504
17 3 0.0758529932079090
17 5 -0.0468140043955234
17 7 0.0413106389012584
17 9 -0.0397466375650057
17 11 0.0398473427658690
17 13 -0.0410246322606389
17 15 0.0431334475244347
17 17 -0.0462326225320804
17 19 0.0505462871169566
17 21 -0.0565134447515852
17 23 0.0649423120004718
17 25 -0.0773955940981635
17 27 0.0972509766982582
17 29 -0.133317082687910
17 31 0.217922419719328
17 33 -0.642087259548608
17 34 1.00000000000000
17 35 -0.631376272364574
17 37 0.207166368429143
17 39 -0.122469228864553
18 3 -0.0724252286323123
18 5 0.0445124494564686
18 7 -0.0390928268467557
18 9 0.0374064106339515
18 11 -0.0372611788588714
18 13 0.0380719878685337
18 15 -0.0396659514046918
18 17 0.0420448926236626
18 19 -0.0453315945279408
18 21 0.0497821067192143
18 23 -0.0558529963320203
18 25 0.0643628787470625
18 27 -0.0768809781431633
18 29 0.0967892587481569
18 31 -0.132899259396764
18 33 0.217541538589772
18 35 -0.641737849536945
18 36 1.00000000000000
18 37 -0.631698587314015
18 39 0.207465138740080
19 3 0.0693386347063882
19 5 -0.0424589024077001
19 7 0.0371340994023414
19 9 -0.0353631806012235
19 11 0.0350325984406991
19 13 -0.0355658257516410
19 15 0.0367746755559178
19 17 -0.0386266522368117
19 19 0.0411846928684056
19 21 -0.0446020812824967
19 23 0.0491516481871065
19 25 -0.0552998952914757
19 27 0.0638716653879325
19 29 -0.0764402695971987
19 31 0.0963904573167351
19 33 -0.132535726140206
19 35 0.217208049428159
19 37 -0.641430226108713
19 38 1.00000000000000
19 39 -0.631983734921229
20 3 -0.0665426855728512
20 5 0.0406137767096912
20 7 -0.0353899026240070
20 9 0.0335618847067647
20 11 -0.0330900051988113
20 13 0.0334093371353114
20 15 -0.0343238025738068
20 17 0.0357797454391148
20 19 -0.0378032254151916
20 21 0.0404864001656390
20 23 -0.0439986287157042
20 25 0.0486222576502041
20 27 -0.0548297531992934
20 29 0.0634498723160377
20 31 -0.0760585933922081
20 33 0.0960425415729332
20 35 -0.132216569288596
20 37 0.216913651213855
20 39 -0.641157341217807
20 40 1.00000000000000
